429 467
816 842
959 1164
1330 1484
1569 1597
2046 2052
2337 2398
2869 2900
3120 3138
3290 3293
3387 3440
3696 3831
4069 4076
4530 4565
4798 4812
4918 4938
4986 5003
5061 5133
5455 5498
5629 5630
5777 5801
5960 6006
6237 6349
6473 6496
6554 6561
6710 6720
6925 6990
7099 7186
7649 7726
8207 8241
8486 8532
8944 9053
9082 9137
9277 9310
9464 9465
9858 9890
9910 9964
10260 10266
10612 10692
10930 10941
11286 11333
11565 11630
11862 11939
12094 12153
12619 12649
12930 12967
13296 13304
13730 13734
13948 13966
14046 14104
14402 14445
14736 14752
15070 15164
15598 15651
15881 15913
16097 16158
16212 16237
16468 16659
16868 16918
16997 17007
17020 17049
17180 17216
17308 17372
17580 17594
18015 18044
18091 18137
18597 18634
18996 19017
19326 19376
19554 19566
20064 20097
20230 20288
20448 20498
20806 20810
20824 20846
21252 21350
21358 21406
21894 21938
22085 22121
22211 22337
22496 22515
22736 22790
23081 23139
23525 23565
24065 24091
24274 24307
24726 24861
24922 24965
25007 25021
25414 25427
25521 25582
25793 25864
25904 26011
26478 26558
26800 26909
26935 27080
27126 27145
27229 27307
27580 27586
27956 27970
28118 28178
28249 28350
28352 28353
28806 29023
29290 29360
29430 29431
29462 29463
29649 29662
30050 30289
30583 30607
30682 30689
30701 30725
30807 30834
31275 31321
31720 31754
31757 31797
32200 32214
32596 32642
32849 32859
32873 33001
33434 33467
33853 33853
34309 34366
34594 34677
34955 35009
35509 35585
35630 35688
36005 36005
36280 36284
36361 36391
36587 36669
36798 36814
36930 36980
37376 37451
37876 37916
37921 37953
38246 38256
38350 38456
38766 38836
39136 39342
39589 39699
39971 40010
40496 40507
40704 40734
40744 40809
41254 41287
41758 41769
42005 42083
42191 42222
42281 42284
42747 42755
43224 43240
43242 43274
43456 43572
43776 43777
44106 44127
44256 44267
44760 44785
44816 44881
45028 45179
45247 45267
45401 45475
45809 45825
45929 46067
46480 46486
46947 46975
47453 47460
47695 47708
48022 48063
48483 48507
48844 48853
49312 49432
49435 49501
49666 49693
50001 50025
50495 50523
50646 50724
50796 50853
51347 51511
52002 52100
52243 52305
52592 52599
52902 52922
53160 53248
53380 53396
53700 53706
53983 54047
54450 54476
54490 54501
54825 54951
55075 55193
55575 55579
55715 55763
55846 55851
56200 56202
56448 56450
56816 56891
57173 57205
57398 57478
57591 57616
57825 57885
57944 58065
58122 58124
58194 58243
58515 58525
58704 58732
59098 59113
59288 59293
59605 59744
60197 60254
60620 60647
60774 60808
61098 61175
61298 61306
61688 61701
61974 62003
62100 62168
62632 62643
62674 62701
63183 63203
63520 63557
63898 63923
64110 64133
64230 64297
64323 64336
64750 64756
65047 65055
65445 65479
65943 65951
65997 66039
66326 66362
66738 66785
66828 66838
67182 67255
67597 67677
67701 67771
68267 68293
68353 68367
68538 68624
69036 69093
69313 69409
69902 69903
70316 70343
70462 70493
70768 70826
70930 70943
71087 71087
71417 71451
71888 71917
72401 72521
72831 72906
73359 73378
73727 74013
74511 74521
75017 75055
75414 75420
75726 75745
76011 76026
76264 76306
76738 76840
77246 77263
77380 77599
77854 77918
77936 78019
78117 78177
78530 78550
78876 78944
79141 79155
79395 79402
79596 79610
79834 79842
80084 80267
80674 80726
81076 81188
81674 81808
81963 81964
82278 82304
82657 82673
82895 82974
83060 83147
83443 83450
83848 83876
83891 83980
84039 84110
84175 84186
84540 84577
84853 85027
85449 85452
85941 85999
86348 86529
86751 86880
87116 87233
87240 87275
87479 87541
87859 87935
88183 88247
88305 88336
88591 88637
88884 88889
89165 89203
89250 89420
89587 89607
89674 89678
90126 90127
90238 90277
90709 90795
91148 91345
91699 91864
92027 92051
92549 92553
93002 93090
93150 93272
93581 93588
93929 94055
94059 94065
94180 94210
94264 94273
94557 94661
95120 95146
95488 95500
95744 95814
96279 96284
96607 96610
96878 96974
97131 97308
97764 97788
97837 97865
98251 98273
98752 98762
98941 98951
99279 99372
99801 99809
99939 99974
100252 100258
100522 100549
100772 100812
100956 101018
101442 101531
101765 101806
101922 101949
101964 101979
102011 102046
102180 102333
102671 102693
102701 102773
103060 103065
103373 103494
103581 103642
103699 103804
103992 104023
104141 104151
104532 104533
104869 104941
105239 105256
105391 105610
105782 105823
106044 106076
106109 106215
106217 106253
106498 106522
106530 106567
106634 106646
107021 107147
107609 107671
107771 107807
108280 108327
108763 108765
108817 108843
109232 109277
109775 109830
110194 110195
110248 110354
110539 110555
110596 110660
111029 111032
111067 111164
111223 111257
111306 111323
111709 111711
111945 111966
112116 112156
112173 112288
112597 112629
113057 113139
113491 113593
113940 114059
114382 114469
114674 114779
115153 115215
115382 115419
115472 115480
115928 115955
116047 116073
116396 116421
116780 116799
116907 116958
117374 117527
117861 117906
118382 118424
118675 118708
119099 119103
119185 119400
119890 119949
120018 120063
120078 120080
120498 120598
121006 121051
121267 121300
121323 121325
121599 121610
121741 121884
122150 122193
122408 122420
122893 122987
123106 123115
123527 123621
123989 124135
124289 124421
124616 124717
125083 125111
125345 125399
125495 125498
125899 125922
125958 126165
126384 126459
126553 126680
126954 126980
127221 127245
127388 127483
127540 127541
127727 127738
127741 127760
127913 127948
128443 128489
128645 128685
128785 128845
128946 128954
129429 129447
129813 129917
130141 130149
130235 130239
130250 130308
130692 130749
130988 131251
131585 131608
131838 131855
132111 132213
132252 132286
132457 132466
132579 132651
132912 132929
133140 133151
133266 133278
133714 133754
133898 133903
134020 134028
134289 134324
134482 134506
134608 134687
134795 134808
135136 135202
135366 135371
135479 135512
135791 135806
136241 136451
136551 136557
136874 137010
137401 137430
137617 137714
138113 138153
138596 138605
138881 138884
139369 139375
139768 139769
140033 140034
140396 140434
140480 140504
140937 140941
141153 141169
141263 141326
141490 141493
141503 141556
141983 141988
142375 142431
142592 142675
143165 143219
143675 143714
144152 144191
144476 144561
144665 144682
144842 144862
145319 145345
145479 145617
145703 145770
145994 146012
146140 146181
146311 146485
146818 146843
147085 147160
147272 147306
147446 147485
147564 147641
147919 148019
148354 148437
148661 148716
148934 149075
149478 149485
149549 149582
149725 149788
150143 150147
150434 150487
150526 150628
151121 151131
151138 151194
151606 151679
151857 151868
152081 152134
152623 152670
152965 152979
153063 153072
153433 153474
153891 153905
154047 154134
154511 154589
154692 154693
155001 155103
155240 155269
155398 155490
155620 155639
155722 155948
156274 156281
156339 156361
156622 156635
157114 157118
157409 157435
157581 157622
157804 157854
157859 157878
157936 157944
158158 158163
158616 158633
159055 159108
159207 159381
159736 159758
159844 159911
160150 160173
160226 160330
160675 160693
160699 160760
160968 161012
161461 161608
162059 162155
162386 162398
162827 162857
163329 163370
163568 163638
163649 163700
164188 164203
164326 164336
164805 164831
165112 165151
165184 165278
165540 165567
165926 166084
166337 166437
166638 166691
166855 166919
166947 166967
167223 167345
167717 167722
167786 167859
168234 168266
168688 168700
168895 169017
169029 169060
169463 169513
170001 170034
170415 170485
170947 170957
171033 171119
171567 171609
171963 171963
172009 172043
172397 172481
172554 172650
173080 173103
173499 173501
173592 173661
174116 174127
174416 174479
174724 174748
175085 175340
175580 175583
175864 175925
176255 176276
176697 176699
177065 177111
177543 177583
178074 178130
178505 178563
178803 178821
178982 178993
179156 179169
179506 179598
180050 180073
180376 180390
180758 180815
180903 180932
181365 181512
181559 181578
182005 182016
182107 182165
182607 182644
182776 182807
182919 182947
183098 183125
183127 183268
183297 183336
183752 183772
183995 184015
184230 184279
184360 184369
184682 184714
184781 184811
185291 185373
185759 185768
186217 186228
186318 186374
186843 186934
187383 187535
187760 187765
188034 188084
188249 188263
188638 188849
189281 189374
189808 189860
189994 190000
190324 190336
190572 190598
190949 191107
191335 191350
191629 191665
192100 192107
192221 192272
192354 192401
192643 192693
192968 192997
193226 193346
193401 193441
193803 193837
194082 194095
194380 194391
194573 194631
195010 195170
195355 195380
195574 195594
195716 195736
196134 196242
196471 196593
196932 196953
197095 197143
197318 197341
197583 197588
197816 197825
197975 197982
198440 198483
198735 198741
198768 198777
198870 198913
199154 199210
199220 199292
199760 199772
199844 199878
200008 200014
200362 200393
200605 200605
200713 200720
200770 200837
201278 201396
201593 201595
201826 201928
202322 202339
202766 202795
203134 203246
203568 203606
203746 203770
203967 204033
204054 204114
204117 204149
204434 204460
204587 204606
204755 204784
205035 205102
205365 205472
205760 205772
205990 206044
206142 206418
206905 206934
207286 207450
207596 207675
208104 208138
208309 208391
208500 208506
208915 208931
208989 209049
209484 209537
209936 210024
210393 210418
210561 210763
211262 211359
211691 211732
212066 212172
212559 212567
213023 213241
213354 213382
213417 213458
213465 213506
213680 213718
214165 214342
214775 214788
214974 215049
215521 215551
215809 215922
216284 216303
216344 216394
216698 216719
216946 216949
217324 217346
217650 217651
217757 217770
218083 218207
218508 218514
219011 219023
219270 219294
219754 219802
220133 220188
220402 220406
220568 220632
220683 220713
221026 221069
221544 221574
221945 222043
222114 222117
222563 222672
222860 222873
223213 223339
223718 223727
223812 223849
223931 223955
224272 224315
224518 224563
224717 224802
225183 225195
225255 225266
225634 225696
226182 226211
226369 226648
227054 227102
227505 227531
227811 227860
228323 228340
228782 228812
229008 229089
229315 229317
229408 229411
229469 229488
229882 229911
230384 230432
230868 230921
230979 231182
231418 231498
231614 231637
231668 231688
231856 231919
232296 232432
232450 232456
232822 232831
232900 232977
233303 233332
233513 233577
233845 233892
234309 234410
234437 234475
234799 234848
234974 234995
235177 235217
235223 235251
235428 235433
235625 235631
235854 235864
236333 236381
236610 236646
237073 237145
237516 237537
238034 238049
238498 238520
239006 239008
239012 239160
239418 239494
239860 239865
240354 240382
240409 240460
240739 240824
241081 241147
241630 241647
241687 241720
241805 242006
242253 242283
242484 242495
242768 242897
243079 243086
243234 243420
243428 243633
243820 243857
244252 244266
244469 244608
244655 244735
244931 244935
245206 245276
245610 245620
245793 245803
245993 245996
246391 246397
246687 246741
247108 247116
247447 247513
247839 247900
248362 248423
248533 248633
248813 248853
249305 249523
249525 249529
249531 249543
249894 249894
250254 250329
250657 250666
250874 250902
251301 251307
251748 251865
252011 252175
252602 252607
252998 253034
253141 253148
253160 253188
253490 253523
253572 253591
253928 254060
254123 254152
254397 254419
254645 254677
254938 254949
255181 255222
255521 255589
255662 255876
255942 256070
256565 256582
256995 257000
257116 257131
257320 257336
257502 257540
257552 257574
257741 257776
257803 257823
258027 258089
258507 258555
258621 258635
258917 258930
259260 259284
259677 259701
260191 260204
260461 260510
260916 260955
261445 261448
261890 261895
262171 262259
262287 262354
262511 262551
262946 263045
263171 263216
263377 263443
263568 263580
263975 263995
264449 264477
264547 264561
265054 265100
265101 265109
265331 265370
265637 265793
265932 265936
266258 266279
266382 266419
266425 266427
266921 266950
267066 267148
267615 267664
268057 268059
268097 268225
268339 268439
268786 268824
268871 268913
269318 269361
269426 269433
269785 269786
270160 270267
270454 270510
270938 270964
271016 271097
271367 271421
271904 271918
272146 272235
272546 272566
272993 273061
273521 273560
273983 273997
274380 274389
274544 274585
274988 274997
275387 275463
275598 275606
275889 275975
276436 276532
276771 276798
276841 276936
276996 277028
277324 277376
277784 277879
278089 278104
278574 278641
278736 278738
278804 278859
279237 279283
279649 279709
280179 280195
280374 280381
280391 280407
280901 280935
280979 281084
281130 281135
281424 281431
281782 281834
282251 282273
282464 282545
282827 282893
283162 283290
283323 283446
283587 283653
283981 284021
284126 284166
284273 284273
284505 284560
284614 284723
285048 285212
285590 285627
285711 285834
286187 286294
286350 286351
286562 286566
286747 286756
287251 287287
287317 287324
287394 287406
287607 287638
288072 288218
288441 288528
288945 288971
289072 289197
289269 289307
289374 289466
289567 289621
289970 290043
290184 290185
290399 290484
290834 290889
290932 290969
291284 291301
291428 291474
291501 291550
291561 291564
291846 291985
292123 292291
292530 292556
292707 292741
292815 292902
293118 293128
293588 293699
293932 293999
294153 294211
294658 294717
294857 294876
294974 295098
295174 295208
295466 295500
295648 295667
295694 295813
296002 296021
296132 296141
296433 296516
296927 296955
297339 297445
297835 297932
298392 298397
298493 298516
298646 298753
298967 299032
299528 299575
299818 299864
300020 300084
300482 300559
300877 300936
301133 301184
301378 301440
301841 301852
301981 301987
302202 302219
302495 302548
302893 302950
303061 303124
303438 303481
303723 303725
303870 304057
304100 304180
304658 304705
304935 305096
305385 305474
305963 306032
306169 306171
306284 306294
306630 306670
306722 306819
307113 307192
307494 307502
307718 307958
308355 308385
308434 308458
308508 308557
308712 308790
309082 309097
309405 309621
310069 310103
310567 310584
310707 310790
311222 311245
311462 311504
311824 311867
312234 312234
312643 312687
312702 312717
312924 313055
313276 313293
313461 313473
313496 313754
314202 314212
314692 314721
315073 315075
315545 315573
315689 315764
315774 315817
315996 316020
316222 316222
316715 316729
316841 316982
317036 317160
317625 317632
318124 318207
318690 318698
318722 318802
319063 319184
319388 319392
319741 319783
320111 320116
320393 320463
320494 320531
320899 320909
321225 321250
321655 321709
322187 322220
322691 322740
323030 323066
323097 323145
323483 323501
323731 323744
323936 323971
324061 324068
324505 324599
324657 324663
324886 324933
325169 325218
325501 325542
325987 326002
326440 326547
326790 326796
326802 326806
327298 327320
327361 327389
327761 327776
328142 328156
328275 328342
328573 328803
329153 329368
329704 329770
330157 330230
330604 330669
330714 330719
330908 330964
331204 331276
331591 331707
331975 332011
332276 332285
332371 332393
332751 332752
333024 333187
333408 333408
333627 333640
333766 333809
334284 334294
334418 334464
334906 334917
335208 335298
335754 335975
336470 336475
336677 336767
336934 336941
336989 337030
337118 337118
337525 337578
337789 337840
338068 338084
338570 338570
338743 338779
338954 338958
339187 339236
339578 339670
339998 340067
340517 340588
340764 340785
341031 341038
341493 341495
341787 341899
341989 342095
342368 342566
342715 342755
342834 342890
343100 343106
343601 343618
343890 343900
344135 344221
344393 344467
344608 344620
344722 344728
344793 344850
345152 345246
345732 345737
345856 346026
346128 346197
346311 346315
346752 346792
346907 346968
347108 347130
347352 347353
347745 347772
347903 347969
348140 348159
348253 348274
348398 348419
348747 348789
349067 349076
349292 349408
349579 349607
350101 350167
350514 350678
351083 351118
351489 351554
351624 351660
351891 351925
352408 352489
352988 352990
353156 353174
353194 353275
353662 353685
353889 353916
354149 354162
354365 354419
354696 354746
355012 355044
355539 355570
355756 355767
356217 356243
356266 356367
356864 356955
357064 357229
357579 357586
357736 357786
358109 358154
358601 358635
359044 359052
359209 359257
359732 359741
360123 360240
360516 360573
360901 360972
361119 361125
361220 361286
361431 361435
361676 361837
361969 362006
362289 362290
362532 362569
362812 362927
363160 363179
363677 363879
364195 364245
364316 364362
364772 364807
364821 364872
364971 365004
365289 365310
365335 365380
365762 365843
366247 366333
366482 366485
366889 366988
367424 367496
367678 367680
367806 367815
368176 368212
368370 368375
368439 368442
368768 368861
369069 369120
369451 369466
369709 369713
369853 369857
370158 370199
370375 370416
370835 370839
371336 371368
371602 371610
371712 371839
372028 372030
372368 372381
372566 372620
373101 373239
373302 373330
373488 373529
373790 373798
374256 374283
374715 374779
375213 375432
375586 375666
375987 375992
376103 376234
376473 376534
376610 376682
376886 376937
377240 377252
377446 377497
377994 378017
378166 378179
378221 378222
378585 378599
378991 379050
379469 379496
379592 379598
379941 380059
380479 380593
380735 380738
380787 380808
381196 381227
381451 381485
381679 381698
381943 382006
382038 382144
382575 382635
382998 383025
383099 383170
383536 383673
383946 383963
384170 384175
384377 384450
384773 384797
385145 385178
385678 385689
385755 385776
386163 386259
386669 386686
386738 386788
387042 387188
387258 387291
387440 387457
387514 387558
387847 387910
388356 388371
388382 388395
388777 388892
389156 389188
389304 389307
389585 389588
389795 389800
389900 389910
390272 390287
390512 390516
390723 390762
391196 391218
391315 391396
391517 391519
391901 391903
392252 392334
392784 392789
393096 393113
393324 393349
393709 393720
394078 394235
394315 394372
394645 394658
395104 395120
395610 395906
396391 396395
396510 396559
396748 396761
396820 396825
396840 396920
397317 397321
397575 397678
398113 398146
398469 398488
398540 398558
398974 399014
399083 399102
399483 399556
399902 399966
400348 400398
400583 400788
401156 401221
401360 401377
401490 401572
402053 402069
402390 402398
402442 402448
402855 402862
403071 403154
403544 403572
403710 403712
403892 403926
404393 404500
404822 404919
404932 404952
405075 405137
405559 405568
405767 405769
405915 405927
406114 406143
406298 406352
406647 406650
406865 406890
407300 407308
407427 407476
407960 408070
408349 408467
408899 408956
409376 409397
409660 409673
409765 409783
409998 410093
410230 410316
410320 410338
410475 410605
410782 410803
410874 410921
410969 410980
411045 411099
411268 411368
411476 411487
411662 411672
412002 412011
412083 412195
412662 412674
412998 413033
413252 413259
413356 413358
413709 413736
414172 414220
414340 414342
414599 414662
415073 415119
415510 415545
416005 416080
416438 416476
416517 416552
416713 416851
417097 417183
417571 417615
417619 417681
417925 417937
418391 418484
418696 418835
419131 419179
419621 419666
419959 420060
420495 420713
421168 421199
421240 421278
421746 421784
421855 421915
421941 421957
422003 422017
422389 422390
422636 422658
422958 422976
423232 423339
423704 423708
424200 424215
424704 424806
425118 425144
425460 425590
425829 425914
426295 426309
426733 426788
427087 427206
427702 427756
427869 427881
427896 427949
428269 428297
428305 428339
428499 428510
428677 428691
428896 428962
428976 429033
429373 429394
429769 429782
430260 430266
430544 430615
430851 430893
431229 431246
431271 431301
431569 431630
431738 431762
432057 432156
432400 432500
432686 432913
433010 433120
433446 433490
433595 433726
433982 434014
434038 434070
434465 434468
434698 434730
434890 435000
435152 435216
435268 435326
435740 435743
436028 436066
436438 436499
436796 436859
437247 437339
437817 437920
438420 438572
439017 439019
439169 439237
439296 439333
439511 439515
439782 439796
440188 440201
440681 440685
440925 440928
441005 441021
441213 441242
441439 441477
441574 441631
442020 442023
442430 442481
442651 442714
443187 443401
443519 443542
443992 444196
444242 444274
444489 444503
444727 444774
445166 445169
445534 445550
445921 445941
445997 446002
446147 446147
446257 446268
446516 446532
446997 447053
447347 447380
447658 447725
447783 447842
448214 448307
448381 448390
448777 448792
448957 449049
449162 449182
449196 449225
449456 449468
449579 449612
449688 449862
450104 450123
450294 450320
450584 450664
450666 450748
450926 450976
451042 451115
451191 451205
451429 451621
451938 452123
452414 452486
452541 452558
452750 452784
453004 453029
453275 453339
453726 453824
453994 454000
454415 454612
454646 454672
454812 454912
455222 455249
455305 455391
455564 455583
455894 455967
456445 456451
456743 456777
457221 457297
457797 457810
458096 458220
458442 458476
458571 458712
459203 459469
459829 459912
460129 460141
460208 460256
460493 460521
460906 461045
461253 461276
461279 461301
461399 461447
461765 461791
461884 461903
462274 462277
462774 462972
463347 463712
463732 463772
463979 463982
464232 464257
464741 464784
465238 465276
465630 465654
465823 465837
465941 465973
466246 466253
466391 466430
466439 466443
466921 466942
467402 467403
467451 467561
467966 467971
468054 468058
468159 468243
468413 468426
468759 469025
469270 469283
469356 469365
469381 469392
469818 469857
470222 470336
470720 470813
470958 471013
471472 471630
471904 471984
472389 472390
472747 472756
472788 472901
473140 473185
473595 473665
473777 473823
473838 473875
474249 474254
474554 474558
474712 474732
475018 475037
475038 475109
475329 475379
475514 475535
475725 475800
476041 476054
476440 476446
476816 476821
477269 477382
477478 477484
477930 477959
478050 478161
478517 478617
478661 478698
478768 478789
479033 479047
479293 479314
479592 479612
479915 479968
480158 480161
480196 480395
480450 480457
480917 480931
481192 481265
481669 481870
482210 482364
482644 482691
483147 483292
483719 483732
483846 483850
484261 484288
484648 484654
484741 484761
485229 485277
485684 485688
485809 485813
485964 486099
486514 486713
486816 486825
487094 487112
487598 487661
487690 487694
487943 488004
488192 488305
488675 488719
488901 488998
489073 489089
489111 489174
489315 489342
489826 489867
490331 490366
490593 490615
491112 491139
491331 491492
491913 491985
492445 492483
492756 492817
493253 493310
493740 493762
494242 494291
494591 494598
494890 494902
495253 495258
495596 495598
496077 496131
496255 496308
496764 496799
497086 497097
497566 497607
497906 497932
498211 498219
498345 498356
498837 498839
499120 499221
499498 499548
500007 500019
500189 500200
500639 500694
501001 501022
501354 501518
501586 501786
501911 501946
502092 502199
502571 502609
503101 503170
503348 503350
503574 503636
504000 504141
504554 504567
504932 504939
505125 505178
505382 505400
505424 505469
505913 505941
505980 505993
506170 506324
506509 506517
506664 506763
506977 507024
507494 507635
507777 507828
508139 508154
508351 508359
508700 508724
509216 509246
509622 509653
509916 509952
510050 510060
510521 510735
511064 511147
511597 511619
511690 511713
512181 512235
512388 512400
512708 512735
512928 512938
513375 513389
513637 513682
513693 513705
513922 513934
514099 514174
514554 514566
514787 515153
515246 515294
515670 515792
516277 516284
516623 516639
516968 517010
517349 517365
517518 517598
517852 517981
518001 518032
518071 518202
518430 518529
518805 518813
518814 518866
519340 519398
519601 519622
519672 519732
520112 520132
520211 520253
520505 520526
520630 520653
520873 520897
521331 521360
521469 521548
521960 521982
522104 522128
522503 522559
522628 522687
523151 523219
523433 523451
523510 523731
524103 524115
524597 524603
524801 524874
525078 525118
525327 525362
525458 525473
525643 525668
526008 526028
526433 526456
526631 526653
527020 527051
527429 527498
527676 527678
527967 527993
528229 528260
528620 528672
529058 529152
529177 529209
529553 529585
530004 530077
530373 530525
530772 530862
531026 531069
531460 531496
531860 531860
531903 532066
532078 532092
532151 532164
532638 532679
532824 532831
532909 532926
533224 533245
533594 533647
533744 533765
533921 533981
534149 534180
534634 534672
534886 534904
535267 535290
535325 535449
535616 535770
535933 535995
535999 536047
536088 536229
536265 536279
536666 536690
536874 536893
537075 537120
537393 537426
537720 537724
538148 538159
538501 538549
538786 538860
539289 539341
539729 539786
539974 540029
540060 540075
540200 540264
540457 540467
540619 540667
541090 541121
541190 541303
541445 541447
541466 541468
541954 542059
542173 542224
542589 542651
542707 542968
543255 543328
543485 543526
543558 543625
543677 543684
543784 543786
543953 543967
544071 544078
544509 544543
544699 544717
544756 544813
545105 545134
545305 545367
545658 545664
545971 546067
546075 546077
546205 546295
546685 546747
547044 547117
547560 547633
547674 547790
548082 548130
548381 548406
548811 548898
549208 549235
549522 549529
549799 549838
550228 550247
550415 550466
550548 550669
550992 551005
551455 551485
551965 552057
552455 552494
552578 552635
552951 552968
553196 553209
553256 553264
553296 553298
553718 553731
554222 554233
554635 554687
554707 554721
555099 555141
555464 555469
555531 555546
555666 555670
555906 556052
556281 556310
556382 556444
556516 556560
556663 556680
556850 557055
557360 557378
557647 557759
557770 557772
557806 557820
558299 558384
558674 558703
558890 559073
559556 559605
560029 560069
560099 560117
560525 560581
560721 560727
560837 560853
560976 560977
561097 561179
561274 561337
561527 561591
561993 562022
562270 562348
562718 562721
562910 562949
563369 563541
563848 563879
564361 564368
564436 564440
564593 564602
564928 564962
565235 565257
565678 565720
565944 566051
566380 566398
566651 566668
566691 566694
567099 567144
567513 567540
567903 567909
568146 568179
568413 568448
568571 568572
568795 568944
569106 569292
569702 569811
570170 570242
570251 570298
570312 570331
570762 570808
571264 571350
571506 571606
571817 571980
572281 572285
572740 572760
573003 573180
573221 573243
573681 573701
573955 573966
574398 574442
574712 574742
574937 574938
575322 575359
575438 575500
575767 575877
575886 575898
576334 576375
576577 576699
576865 576878
577163 577189
577401 577433
577678 577688
577851 577870
578151 578159
578202 578561
578621 578787
579156 579222
579468 579492
579838 579866
580255 580298
580466 580517
580805 580865
581241 581289
581636 581654
582120 582184
582472 582533
583008 583130
583389 583403
583793 583860
584102 584115
584146 584156
584180 584187
584431 584449
584544 584565
584818 584956
585107 585112
585190 585227
585250 585276
585686 585763
585937 586100
586246 586422
586483 586618
586629 586656
587088 587102
587220 587274
587420 587457
587642 587690
587795 587884
588120 588186
588366 588439
588762 588842
589093 589170
589493 589510
589958 589999
590353 590417
590864 590915
591037 591124
591266 591341
591696 591723
591980 591984
592071 592093
592369 592375
592510 592609
592702 592702
592885 592893
593304 593318
593557 593621
594008 594031
594166 594316
594398 594435
594631 594644
594657 594711
594956 595040
595254 595393
595776 595796
596278 596290
596500 596528
596866 597011
597313 597469
597892 597937
598245 598302
598776 598780
598952 598962
599067 599154
599569 599612
600024 600027
600433 600435
600639 600785
601058 601118
601596 601599
602019 602040
602511 602526
602882 603025
603276 603280
603387 603442
603938 603998
604438 604445
604632 604664
604867 604897
605069 605175
605549 605569
605905 605916
606373 606448
606685 606693
606830 606836
607302 607313
607629 607680
608067 608068
608485 608583
609012 609018
609169 609261
609659 609793
610260 610317
610728 610748
610938 610965
611266 611305
611654 611744
612214 612246
612424 612450
612524 612590
612803 612856
613274 613317
613585 613661
614079 614088
614147 614148
614335 614394
614769 614827
615176 615313
615698 615712
615894 615932
616096 616103
616123 616133
616303 616317
616727 616732
617118 617125
617237 617249
617532 617605
617802 618026
618262 618275
618281 618365
618428 618491
618755 618809
618888 618891
619015 619019
619442 619468
619597 619600
619810 619815
619977 620010
620251 620288
620399 620423
620797 620798
620914 620936
621206 621209
621502 621518
621935 621994
622276 622308
622343 622346
622437 622463
622922 622933
623263 623270
623495 623577
624027 624041
624182 624221
624228 624235
624367 624374
624794 624912
625361 625398
625801 626027
626078 626196
626519 626634
626973 627039
627309 627409
627420 627519
627578 627596
627856 627913
628204 628409
628714 628777
629184 629185
629278 629289
629710 629772
629814 629819
630089 630134
630195 630213
630669 630704
631138 631168
631588 631745
631928 632043
632502 632536
632923 632972
633014 633076
633083 633108
633164 633215
633298 633346
633730 633856
634238 634366
634386 634390
634669 634702
635070 635124
635555 635559
635961 635995
636337 636389
636856 636966
637256 637261
637447 637459
637552 637553
637758 637783
638117 638178
638249 638287
638521 638574
638821 638853
639055 639063
639294 639328
639493 639538
639724 639727
639748 639764
640168 640245
640326 640330
640689 640831
641071 641201
641686 641687
641941 641981
642100 642108
642370 642389
642470 642570
642920 642955
643057 643062
643453 643494
643513 643549
644043 644061
644288 644314
644420 644445
644704 644738
645003 645065
645493 645607
645860 645863
646192 646206
646665 646688
646851 646852
646867 646944
646983 647019
647138 647149
647159 647186
647301 647401
647481 647705
648062 648233
648677 648703
648946 648980
649022 649026
649190 649208
649209 649353
649772 649804
650129 650150
650398 650493
650697 650699
651154 651242
651677 651679
651691 651740
651820 651858
652192 652218
652511 652556
652597 652841
652979 653066
653197 653224
653656 653659
654038 654046
654202 654207
654545 654547
654604 654643
654847 654859
655070 655080
655132 655197
655513 655624
655803 655830
655923 655973
656338 656438
656853 656868
657314 657317
657704 657716
657870 657959
658114 658188
658416 658438
658813 658821
658824 658896
659007 659033
659223 659314
659785 659848
660029 660088
660376 660438
660744 660747
661058 661096
661594 661606
661966 662014
662144 662201
662520 662525
662825 662906
663034 663129
663578 663656
663963 664029
664476 664480
664566 664648
665100 665110
665164 665196
665559 665564
665991 666001
666111 666177
666232 666255
666593 666735
667228 667237
667535 667557
667595 667599
667874 667881
668375 668417
668514 668522
668986 669034
669144 669216
669308 669321
669467 669503
669570 669586
670037 670071
670421 670514
670834 670891
671098 671108
671268 671567
671947 671980
671984 672018
672128 672139
672623 672661
673079 673119
673161 673178
673653 673656
674128 674251
674474 674541
674946 674992
675360 675372
675403 675408
675872 675891
676372 676374
676796 676967
677201 677355
677574 677626
678024 678053
678255 678362
678393 678418
678651 678762
679093 679171
679249 679442
679903 679975
680274 680298
680724 680777
680922 680962
681036 681038
681215 681319
681601 681614
681961 682000
682155 682163
682628 682639
682974 682997
683394 683407
683794 683802
684166 684342
684587 684620
684978 684985
685468 685559
685569 685583
685812 685847
686327 686334
686484 686500
686582 686582
686829 686848
686980 686981
687136 687160
687261 687279
687485 687514
687849 687887
687948 687975
687981 687993
688028 688064
688180 688215
688552 688564
688862 688893
689077 689106
689471 689481
689942 689959
690415 690421
690785 690886
691078 691083
691358 691374
691732 691816
692213 692241
692704 692729
693174 693265
693516 693526
693711 693726
694112 694132
694552 694613
694971 694992
695036 695049
695388 695394
695729 695777
695827 695864
696332 696344
696494 696528
696933 697040
697479 697502
697750 697802
698281 698352
698843 698932
699086 699174
699554 699557
699722 699747
699940 700096
700230 700265
700514 700529
700858 700902
701084 701114
701275 701300
701707 701755
701800 701800
702277 702324
702762 702807
703222 703235
703725 703808
704211 704217
704474 704536
704977 705005
705100 705101
705209 705232
705324 705382
705568 705731
706150 706175
706222 706239
706644 706670
706815 706916
707317 707327
707756 707865
708143 708188
708211 708247
708578 708638
708774 708885
709079 709081
709092 709168
709509 709539
709645 709652
709696 709791
709925 709952
710403 710411
710430 710502
710619 710652
711128 711166
711260 711270
711633 711672
711844 711861
712292 712354
712614 712620
712982 712986
713042 713091
713211 713221
713391 713393
713525 713535
713785 713786
713816 713822
713973 713998
714233 714287
714677 714752
714931 714955
715138 715139
715195 715195
715672 715678
716070 716080
716115 716141
716289 716300
716676 716679
716757 716783
717106 717130
717524 717552
717755 717787
718284 718324
718785 718796
719296 719503
719807 719818
719992 719996
720051 720071
720514 720556
721000 721042
721511 721532
721804 721842
722271 722273
722521 722548
722925 722947
723072 723081
723573 723653
723935 723957
724380 724422
724739 724747
725013 725164
725643 725693
725836 725959
726022 726075
726510 726576
726976 726977
727179 727378
727860 727875
728104 728144
728641 728721
728851 728855
729189 729197
729521 729547
729894 729912
730375 730387
730472 730498
730513 730522
730875 730911
731246 731442
731924 731940
732305 732318
732503 732602
732785 732803
733119 733119
733237 733327
733812 733831
733872 733953
734180 734225
734498 734550
734916 734928
735184 735185
735348 735350
735717 735754
736191 736197
736671 736770
736854 736865
736884 736924
737319 737378
737781 737913
738089 738177
738236 738357
738437 738439
738691 738714
738954 739075
739148 739168
739660 739865
739934 739974
740399 740440
740917 740951
741450 741452
741468 741472
741777 741808
742235 742236
742624 742628
742641 742689
742919 742954
743012 743026
743079 743140
743492 743644
743992 743997
744006 744038
744185 744196
744476 744559
744621 744683
744933 744998
745464 745469
745499 745532
745832 745988
746170 746179
746473 746539
746900 746924
747291 747418
747787 747807
747989 748072
748546 748554
748757 748837
749214 749235
749665 749702
749789 750008
750444 750456
750459 750500
750742 750813
751049 751081
751312 751319
751322 751370
751866 751952
752134 752159
752300 752308
752670 752681
752832 752897
753083 753116
753588 753622
754096 754227
754402 754402
754773 754810
755128 755187
755630 755711
755773 755779
755971 756215
756432 756445
756659 756738
757025 757053
757090 757112
757458 757507
757565 757571
757857 757876
758103 758109
758129 758199
758688 758689
758879 758930
759337 759340
759667 759773
760097 760171
760327 760335
760426 760428
760496 760533
760668 760680
760979 761017
761104 761122
761575 761655
762139 762163
762324 762348
762733 762740
763210 763328
763379 763460
763703 763708
763788 763881
764165 764185
764614 764618
764771 764803
765242 765396
765756 765817
766106 766139
766353 766362
766538 766552
766646 766670
767043 767263
767341 767486
767525 767543
767806 767914
768400 768523
768746 768786
769100 769115
769554 769573
769712 769989
770090 770125
770128 770208
770231 770240
770692 770728
770854 770859
771018 771152
771632 771650
772115 772152
772572 772582
772879 772902
773247 773408
773632 773639
774133 774136
774349 774373
774708 774710
774905 774925
775309 775311
775393 775409
775545 775552
775968 776033
776374 776383
776507 776567
777007 777025
777305 777394
777556 777578
778040 778161
778637 778680
778872 778893
779071 779081
779116 779141
779348 779525
779704 779746
780006 780008
780467 780503
780769 780832
780923 780925
781094 781117
781350 781454
781797 781807
782278 782293
782733 782757
783117 783120
783346 783397
783888 784102
784429 784435
784920 784978
785425 785523
785638 785749
786212 786247
786671 786681
786904 786943
787214 787226
787464 787487
787964 787984
787994 788028
788275 788301
788436 788500
788749 788762
789240 789242
789645 789712
789781 789798
789954 789962
790413 790466
790590 790650
790854 790857
790944 791046
791442 791443
791499 791572
791833 791839
792254 792255
792645 792647
792735 792802
793177 793237
793332 793341
793431 793433
793892 794013
794387 794407
794695 794696
794738 794790
794794 794831
795047 795052
795511 795577
796015 796055
796489 796493
796842 796917
797385 797494
797846 797846
798081 798137
798206 798230
798403 798446
798697 798805
798959 799002
799229 799317
799397 799413
799578 799614
800004 800012
800242 800270
800608 800633
800872 800931
801040 801117
801557 801728
802069 802199
802291 802338
802520 802522
802827 802838
803192 803246
803592 803593
803983 804190
804430 804457
804828 804883
804907 804910
804983 805027
805219 805242
805611 805636
805718 805735
805800 805831
806223 806311
806791 806872
806882 806908
807107 807156
807429 807528
807785 807968
808125 808154
808596 808739
808836 808921
809134 809202
809340 809363
809511 809626
810047 810084
810288 810306
810401 810402
810748 810811
810884 810891
811215 811320
811782 811783
812024 812142
812568 812610
812850 812912
813196 813246
813415 813490
813496 813513
813912 813935
813988 814010
814103 814175
814329 814384
814551 814737
815141 815200
815700 815704
815983 816033
816110 816151
816340 816347
816621 816629
816679 816697
816855 816864
817299 817416
817665 817745
818146 818171
818397 818476
818948 818951
819096 819174
819284 819380
819695 819718
820121 820137
820585 820675
820702 820800
821195 821215
821255 821284
821490 821511
821642 821689
821706 821890
822280 822292
822346 822401
822816 822822
823061 823073
823331 823331
823503 823530
823603 823634
823948 824084
824315 824552
824645 824709
825158 825187
825482 825533
825666 825689
826028 826052
826535 826583
826999 827010
827436 827455
827618 827632
827966 828032
828275 828340
828389 828426
828833 828864
829207 829213
829337 829469
829586 829669
829946 829979
830301 830365
830857 830892
830954 830980
831448 831543
831707 831724
831767 831788
832158 832218
832253 832289
832501 832512
832921 833027
833028 833040
833042 833082
833292 833293
833585 833607
833933 833947
834343 834348
834476 834542
834589 834708
834758 834851
835065 835193
835367 835377
835388 835409
835581 835585
835608 835620
835906 836014
836473 836599
836626 836656
837123 837187
837254 837299
837778 837784
838072 838119
838219 838264
838479 838492
838511 838565
838645 838651
839121 839129
839286 839302
839370 839433
839623 839659
839877 839920
840070 840139
840332 840338
840471 840527
840870 840886
841064 841065
841536 841587
841886 841993
842162 842202
842347 842383
842481 842556
842957 842958
843076 843076
843442 843530
843705 843716
843742 843754
843986 844114
844578 844583
844763 844797
845234 845354
845659 845715
845979 846024
846158 846243
846309 846368
846382 846382
846642 846645
847098 847158
847225 847242
847385 847387
847721 847730
847775 847905
848075 848114
848562 848588
848766 848782
849058 849136
849384 849402
849737 849747
849941 849978
850191 850263
850514 850555
850812 850962
851193 851262
851625 851649
851764 851794
852095 852134
852402 852472
852698 852703
853088 853098
853268 853297
853758 853782
853865 853874
854308 854311
854361 854408
854894 854909
855365 855435
855514 855519
855598 855734
855844 855868
856053 856079
856260 856277
856609 856629
856752 856895
856934 856967
857380 857381
857852 857865
858247 858270
858505 858539
859024 859060
859063 859082
859454 859483
859634 859657
860111 860176
860203 860251
860728 860739
861068 861095
861381 861429
861891 861927
862096 862271
862441 862536
862972 863025
863338 863401
863867 863930
864277 864291
864585 864641
864817 865014
865019 865086
865518 865545
865556 865680
866050 866051
866423 866484
866652 866756
866803 866848
867180 867281
867738 867752
867796 867845
868033 868055
868419 868472
868559 868721
869009 869110
869154 869160
869454 869537
869727 869812
870105 870212
870230 870268
870678 870691
870790 870829
871232 871241
871505 871570
871588 871657
871693 871728
871842 871862
871876 871907
872083 872176
872264 872317
872400 872496
872799 872823
873203 873224
873689 873690
873797 873802
874247 874285
874431 874449
874678 874705
875118 875173
875458 875593
876068 876079
876552 876609
877008 877104
877348 877399
877697 877787
877895 877942
878428 878465
878868 878934
879033 879048
879080 879108
879142 879165
879617 879818
880084 880086
880367 880636
880746 880794
881162 881179
881648 881837
881945 881954
882188 882226
882418 882486
882929 882981
883013 883043
883369 883407
883471 883529
883683 883755
884057 884076
884405 884415
884423 884429
884835 884901
885191 885218
885579 885603
885887 885991
886271 886327
886614 886657
886939 886962
887157 887176
887491 887520
887818 887864
888139 888199
888451 888484
888560 888586
888821 888825
888858 888866
888924 888943
889272 889283
889573 889579
889618 889764
890066 890091
890158 890191
890368 890427
890435 890449
890781 890806
890950 891004
891386 891389
891639 891661
891888 891948
892379 892601
892691 892765
892963 892999
893094 893172
893289 893367
893483 893529
893944 893978
894141 894187
894573 894617
894618 894623
894793 894797
895268 895282
895668 895711
896001 896003
896078 896079
896461 896473
896704 896712
896804 896854
897240 897246
897496 897497
897722 897750
898056 898093
898284 898430
898742 898759
898987 899028
899370 899397
899887 899929
900027 900034
900477 900572
901066 901067
901465 901606
901615 901661
901785 901806
901888 901898
902215 902273
902527 902544
902915 902925
903177 903213
903321 903336
903619 903645
903936 903940
904028 904118
904185 904276
904531 904553
904661 904690
904824 904843
905009 905022
905288 905309
905532 905549
905642 905664
905923 905939
906138 906161
906184 906189
906606 906730
906876 906886
907188 907259
907707 907753
907921 907995
908032 908038
908435 908451
908862 908923
908990 909005
909476 909491
909764 909769
909991 910005
910011 910092
910303 910382
910589 910647
910754 910969
911155 911241
911732 911747
911794 911811
912167 912344
912495 912540
912993 913073
913539 913540
913556 913617
913864 913866
913932 913955
914118 914147
914250 914251
914506 914533
914920 914970
915243 915251
915459 915528
915627 915712
915972 916057
916173 916200
916511 916537
916609 916631
917084 917101
917231 917366
917493 917550
917692 917828
917889 918046
918068 918139
918537 918546
918788 918846
919003 919129
919295 919306
919398 919400
919446 919480
919736 919767
920164 920242
920432 920541
920590 920625
920975 921099
921476 921484
921756 921896
922239 922271
922424 922473
922606 922610
922932 922935
923397 923561
923993 924029
924184 924200
924543 924702
925156 925176
925390 925394
925852 925897
926219 926227
926308 926351
926354 926398
926462 926531
926928 926931
927378 927404
927818 927838
927868 927882
927984 927999
928113 928130
928263 928292
928505 928534
928544 928564
928932 928934
928975 929038
929050 929103
929321 929423
929653 929709
929943 930066
930439 930669
931109 931127
931566 931607
931944 932010
932189 932243
932301 932308
932519 932521
932947 932958
933401 933479
933978 933990
934023 934025
934496 934496
934908 934935
935226 935287
935726 935745
935816 935871
936307 936312
936800 936923
937029 937040
937059 937142
937563 937564
938049 938067
938350 938400
938525 938577
938619 938666
938851 938978
938999 939016
939512 939629
939708 939712
939776 939796
940175 940206
940592 940599
940902 940910
941181 941205
941266 941298
941745 941883
942080 942096
942295 942309
942638 942649
942656 942691
942725 942832
943226 943281
943472 943540
943768 943881
943991 943999
944063 944074
944305 944307
944408 944426
944916 944926
945105 945131
945615 945666
945686 945804
946163 946173
946533 946587
946627 946628
947100 947135
947136 947146
947302 947374
947531 947560
948010 948039
948294 948312
948642 948657
948901 948904
948905 948936
949276 949292
949718 949863
950273 950327
950760 950819
951193 951209
951429 951432
951435 951594
952027 952097
952102 952229
952378 952404
952645 952748
952964 952978
953122 953206
953551 953665
953775 953795
953975 954022
954051 954130
954592 954677
954777 954884
954963 955021
955222 955261
955415 955467
955959 955974
956318 956345
956650 956669
957031 957039
957278 957375
957787 957798
958102 958104
958340 958420
958591 958755
958909 958943
959292 959325
959482 959645
959648 959656
959835 959851
959925 959951
960248 960280
960464 960496
960852 960856
961167 961247
961396 961406
961764 961825
962104 962242
962722 962788
962940 962954
963115 963196
963339 963343
963824 963877
964374 964470
964828 964884
965146 965171
965298 965391
965832 965853
966125 966147
966428 966435
966672 966725
966865 966900
966955 966971
967166 967167
967476 967481
967933 967986
968185 968343
968765 968789
969213 969318
969660 969694
969748 969778
969839 969845
970340 970395
970785 970823
970856 970875
970914 970927
971188 971217
971478 971550
971607 971657
972072 972127
972315 972383
972651 972658
973098 973133
973470 973588
974044 974061
974181 974250
974558 974688
974718 974760
974804 974811
975276 975350
975682 975715
975960 975962
976229 976265
976722 976754
977156 977234
977298 977331
977588 977615
977978 978013
978219 978221
978223 978264
978414 978441
978872 978940
979030 979113
979461 979666
980105 980106
980366 980389
980707 980709
980921 980926
981097 981158
981347 981354
981770 981792
982195 982432
982479 982496
982984 983000
983060 983077
983082 983220
983501 983555
983881 983915
983944 984032
984392 984621
984733 984814
984989 985040
985507 985739
986023 986024
986390 986423
986440 986475
986677 986692
986777 986798
987038 987040
987345 987386
987413 987423
987717 987773
987817 987900
988011 988068
988205 988306
988798 988821
988957 989011
989431 989640
989872 989877
990229 990295
990454 990462
990716 990796
991049 991101
991486 991505
991825 991839
991944 991978
992214 992239
992553 992567
993061 993104
993564 993611
993836 994049
994301 994389
994522 994614
994815 994869
995184 995250
995564 995634
995913 995952
996432 996490
996720 996733
996840 996869
997117 997276
997518 997685
997809 997874
998284 998358
998776 998802
998897 998910
999187 999407
999838 999838
1000160 1000215
1000589 1000644
1000651 1000774
1001230 1001336
1001436 1001577
1001644 1001655
1001825 1001828
1002188 1002221
1002501 1002527
1002910 1003029
1003232 1003235
1003680 1003818
1004275 1004283
1004344 1004467
1004767 1004951
1005028 1005082
1005389 1005533
1005870 1005913
1006413 1006415
1006806 1006825
1006847 1006895
1007133 1007181
1007443 1007494
1007854 1007956
1008285 1008312
1008660 1008738
1009005 1009064
1009158 1009173
1009319 1009403
1009763 1009765
1009979 1009988
1010338 1010387
1010699 1010708
1011055 1011070
1011113 1011151
1011547 1011549
1011666 1011703
1011739 1011754
1011829 1011855
1012033 1012044
1012507 1012540
1012968 1013051
1013358 1013403
1013427 1013444
1013450 1013467
1013657 1013670
1013731 1013794
1014061 1014097
1014374 1014376
1014737 1014848
1015224 1015355
1015750 1015780
1015816 1015850
1016179 1016232
1016395 1016517
1016966 1016987
1017331 1017346
1017500 1017530
1017651 1017670
1017877 1017895
1018227 1018316
1018655 1018709
1019151 1019187
1019521 1019521
1019678 1019688
1020072 1020089
1020178 1020235
1020654 1020773
1020977 1021019
1021255 1021292
1021775 1021810
1022077 1022117
1022183 1022251
1022330 1022368
1022513 1022543
1022981 1022996
1023385 1023391
1023595 1023614
1023671 1023671
1023831 1023876
1024319 1024382
1024706 1024718
1024879 1024886
1025369 1025398
1025504 1025625
1025822 1026061
1026228 1026237
1026586 1026626
1026852 1026875
1027185 1027250
1027517 1027524
1027801 1027815
1028081 1028114
1028422 1028451
1028528 1028544
1028988 1028994
1029408 1029434
1029846 1029847
1030149 1030200
1030251 1030356
1030447 1030597
1031032 1031096
1031507 1031517
1031557 1031712
1031750 1031767
1032036 1032095
1032489 1032706
1033200 1033207
1033246 1033247
1033489 1033636
1033939 1033949
1034162 1034174
1034604 1034659
1034943 1034997
1035046 1035113
1035212 1035241
1035249 1035257
1035287 1035312
1035546 1035629
1035771 1035857
1036246 1036371
1036722 1036839
1037103 1037137
1037570 1037665
1037817 1037825
1038085 1038085
1038525 1038547
1038896 1038898
1039143 1039144
1039345 1039380
1039799 1039924
1040099 1040125
1040193 1040234
1040422 1040426
1040432 1040438
1040767 1040801
1040979 1041020
1041223 1041224
1041527 1041554
1041666 1041668
1041778 1041844
1041877 1041929
1042117 1042217
1042538 1042587
1042834 1042844
1043022 1043041
1043507 1043545
1044032 1044065
1044244 1044259
1044492 1044531
1044705 1044756
1044785 1044792
1045109 1045141
1045556 1045570
1046066 1046335
1046668 1046678
1046762 1046765
1047157 1047270
1047575 1047587
1047689 1047696
1047983 1048024
1048190 1048213
1048518 1048523
1048599 1048607
1048980 1048996
1049415 1049445
1049640 1049678
1050164 1050217
1050256 1050271
1050503 1050597
1051074 1051110
1051168 1051175
1051326 1051347
1051729 1051784
1052229 1052357
1052480 1052486
1052552 1052570
1052662 1052724
1052769 1052785
1053081 1053184
1053499 1053724
1053781 1053819
1054158 1054170
1054648 1054686
1054764 1054775
1054999 1055075
1055210 1055262
1055591 1055635
1056103 1056122
1056385 1056502
1056703 1056808
1057112 1057128
1057492 1057506
1057958 1057963
1058193 1058229
1058567 1058610
1059075 1059149
1059524 1059589
1059750 1059754
1059962 1060017
1060084 1060182
1060198 1060242
1060263 1060343
1060497 1060574
1060858 1060862
1061308 1061386
1061725 1061726
1062213 1062311
1062379 1062381
1062500 1062544
1062708 1062722
1062798 1062837
1063127 1063140
1063489 1063549
1063973 1063984
1064268 1064291
1064397 1064465
1064855 1064990
1065175 1065223
1065339 1065435
1065565 1065574
1065684 1065799
1066098 1066107
1066266 1066399
1066828 1066922
1067184 1067235
1067635 1067663
1068012 1068095
1068191 1068220
1068618 1068629
1068952 1068955
1068987 1069000
1069272 1069290
1069402 1069442
1069707 1069736
1069988 1070066
1070280 1070301
1070793 1070907
1071308 1071320
1071404 1071414
1071471 1071558
1071806 1071819
1071992 1072054
1072443 1072486
1072716 1072849
1073027 1073041
1073379 1073468
1073666 1073696
1074000 1074012
1074062 1074064
1074138 1074155
1074179 1074226
1074338 1074357
1074369 1074372
1074451 1074475
1074654 1074737
1074837 1074843
1075184 1075312
1075526 1075617
1076044 1076086
1076326 1076345
1076385 1076498
1076645 1076718
1077184 1077222
1077601 1077733
1077950 1078001
1078303 1078397
1078465 1078526
1078790 1078826
1079041 1079069
1079398 1079411
1079472 1079493
1079546 1079562
1079856 1079872
1080052 1080076
1080343 1080363
1080657 1080757
1081050 1081063
1081161 1081185
1081678 1081770
1081787 1081793
1081875 1081886
1082379 1082388
1082876 1082958
1083035 1083127
1083191 1083255
1083528 1083571
1083819 1083862
1084037 1084043
1084475 1084577
1084863 1084960
1085241 1085255
1085341 1085491
1085605 1085630
1086095 1086175
1086360 1086462
1086709 1086779
1086987 1087075
1087186 1087266
1087346 1087363
1087370 1087376
1087818 1087932
1088130 1088146
1088324 1088360
1088542 1088552
1088763 1088824
1088943 1088978
1089038 1089128
1089596 1089604
1089607 1089629
1089670 1089708
1090071 1090072
1090559 1090576
1091067 1091120
1091426 1091427
1091479 1091483
1091773 1091820
1092016 1092018
1092095 1092123
1092263 1092273
1092363 1092448
1092921 1092930
1093116 1093140
1093520 1093555
1093568 1093590
1093721 1093773
1093969 1094054
1094091 1094120
1094319 1094376
1094738 1094742
1094770 1094810
1095225 1095319
1095342 1095390
1095489 1095535
1095930 1095993
1096331 1096368
1096728 1096739
1096904 1096982
1097211 1097252
1097651 1097662
1097995 1097997
1098244 1098259
1098644 1098730
1098844 1098855
1099092 1099123
1099605 1099653
1099907 1100043
1100156 1100238
1100240 1100258
1100645 1100763
1100833 1100906
1100930 1100939
1101404 1101416
1101823 1101825
1102155 1102162
1102397 1102404
1102458 1102517
1102768 1102854
1102950 1103098
1103241 1103348
1103562 1103569
1103934 1104116
1104551 1104556
1104867 1104935
1105026 1105061
1105388 1105431
1105734 1105821
1105906 1105950
1106022 1106042
1106427 1106458
1106864 1106892
1107042 1107063
1107339 1107405
1107654 1107723
1108072 1108277
1108605 1108730
1109204 1109210
1109314 1109413
1109515 1109543
1109849 1109922
1110100 1110117
1110582 1110582
1110773 1110791
1110810 1110846
1111242 1111394
1111676 1111752
1112132 1112245
1112642 1112648
1112719 1112721
1112886 1112973
1113447 1113584
1113815 1113961
1114250 1114255
1114606 1114617
1114880 1114904
1115110 1115121
1115448 1115479
1115498 1115518
1115828 1115830
1115974 1115991
1116442 1116460
1116715 1116771
1117002 1117184
1117341 1117373
1117481 1117490
1117876 1117976
1118073 1118116
1118334 1118395
1118795 1118799
1118890 1118974
1119334 1119408
1119493 1119561
1119566 1119583
1119688 1119703
1120149 1120277
1120768 1120796
1121181 1121265
1121636 1121718
1122109 1122128
1122546 1122579
1122736 1122794
1122854 1122873
1123363 1123368
1123832 1123865
1124046 1124187
1124531 1124598
1125015 1125225
1125529 1125532
1125664 1125676
1126113 1126163
1126457 1126557
1126561 1126608
1127024 1127052
1127230 1127291
1127710 1127727
1127922 1128047
1128471 1128480
1128835 1128867
1129244 1129278
1129493 1129523
1129561 1129678
1129985 1130033
1130399 1130492
1130699 1130741
1130877 1130980
1131196 1131204
1131486 1131496
1131586 1131617
1131641 1131700
1132193 1132304
1132685 1132687
1133175 1133180
1133345 1133354
1133458 1133464
1133938 1134033
1134484 1134486
1134575 1134669
1134913 1134914
1135149 1135194
1135345 1135365
1135775 1135778
1136278 1136281
1136600 1136704
1136744 1136914
1137000 1137003
1137424 1137480
1137749 1137789
1138287 1138348
1138673 1138712
1139056 1139085
1139270 1139283
1139424 1139511
1139859 1139894
1140348 1140375
1140453 1140496
1140945 1141011
1141042 1141081
1141497 1141548
1141815 1141912
1142230 1142267
1142600 1142663
1142715 1142822
1143139 1143141
1143568 1143586
1143873 1143919
1144253 1144276
1144453 1144527
1144557 1144576
1144968 1145094
1145136 1145157
1145302 1145386
1145403 1145409
1145419 1145443
1145586 1145711
1145978 1146006
1146218 1146289
1146740 1146787
1146991 1147068
1147208 1147231
1147374 1147389
1147820 1147854
1148184 1148200
1148627 1148771
1148786 1148875
1149164 1149187
1149302 1149363
1149560 1149656
1149661 1149676
1150142 1150214
1150706 1150733
1150943 1150988
1151207 1151245
1151304 1151307
1151781 1152054
1152543 1152575
1152652 1152668
1152878 1152889
1153266 1153297
1153383 1153383
1153823 1153934
1154134 1154194
1154281 1154287
1154452 1154500
1154689 1154707
1154835 1154836
1155040 1155046
1155537 1155587
1155937 1155966
1156054 1156057
1156415 1156434
1156643 1156712
1157176 1157344
1157389 1157402
1157524 1157527
1157883 1157941
1158300 1158392
1158598 1158728
1158939 1159117
1159140 1159146
1159457 1159478
1159937 1159939
1160428 1160461
1160727 1160754
1160922 1160978
1161458 1161513
1161633 1161703
1162120 1162127
1162149 1162226
1162425 1162445
1162574 1162670
1163040 1163077
1163085 1163146
1163327 1163328
1163700 1163704
1164017 1164029
1164510 1164545
1164639 1164731
1165065 1165109
1165532 1165597
1165880 1165888
1166290 1166329
1166365 1166390
1166404 1166429
1166442 1166450
1166613 1166643
1167036 1167084
1167457 1167631
1167691 1167694
1167992 1168117
1168141 1168165
1168497 1168509
1168628 1168687
1168994 1169012
1169152 1169161
1169588 1169634
1170030 1170107
1170585 1170661
1170927 1170932
1171249 1171312
1171578 1171585
1171700 1171723
1172165 1172241
1172679 1172760
1173229 1173229
1173558 1173572
1173648 1173684
1174134 1174159
1174379 1174383
1174779 1174828
1175235 1175243
1175286 1175351
1175688 1175746
1175781 1175794
1176019 1176085
1176518 1176567
1176646 1176742
1177082 1177106
1177123 1177126
1177509 1177518
1177628 1177664
1178095 1178259
1178404 1178551
1178730 1178735
1178952 1178981
1179186 1179321
1179643 1179884
1180344 1180350
1180610 1180611
1180764 1180862
1181078 1181085
1181425 1181462
1181618 1181790
1182179 1182216
1182513 1182538
1182634 1182707
1182885 1182914
1183243 1183254
1183411 1183457
1183832 1183862
1183882 1183913
1184315 1184337
1184724 1184853
1185016 1185042
1185219 1185230
1185506 1185532
1185785 1185862
1186257 1186260
1186524 1186644
1187133 1187166
1187273 1187291
1187606 1187651
1188119 1188148
1188200 1188235
1188714 1188882
1189168 1189241
1189564 1189582
1189834 1189849
1190306 1190341
1190781 1190827
1190834 1190930
1191379 1191402
1191835 1191850
1192092 1192104
1192268 1192286
1192512 1192632
1192811 1192845
1193201 1193211
1193382 1193403
1193454 1193475
1193847 1193863
1194252 1194373
1194817 1194859
1194978 1195007
1195095 1195099
1195210 1195227
1195593 1195607
1195804 1195805
1196060 1196144
1196530 1196708
1196843 1196846
1197082 1197272
1197729 1197735
1198152 1198200
1198496 1198500
1198980 1198997
1199433 1199476
1199817 1199884
1200228 1200282
1200302 1200417
1200874 1201030
1201094 1201099
1201299 1201360
1201775 1201788
1202001 1202068
1202184 1202233
1202345 1202379
1202755 1202773
1202941 1203102
1203539 1203594
1203998 1204033
1204046 1204085
1204412 1204443
1204725 1204769
1205066 1205072
1205391 1205408
1205748 1205771
1206069 1206090
1206324 1206439
1206755 1206773
1206987 1207033
1207483 1207542
1207655 1207670
1208091 1208227
1208708 1208833
1208985 1209016
1209354 1209377
1209742 1209752
1209938 1209995
1210255 1210276
1210721 1210748
1210865 1210895
1211039 1211245
1211643 1211653
1212031 1212126
1212217 1212327
1212443 1212446
1212535 1212559
1212724 1212737
1213005 1213034
1213483 1213487
1213872 1213941
1214053 1214059
1214143 1214144
1214290 1214296
1214565 1214612
1214902 1214926
1214985 1214996
1215062 1215088
1215164 1215277
1215774 1215796
1215929 1216000
1216199 1216239
1216565 1216579
1216955 1216955
1216988 1217032
1217331 1217343
1217810 1217964
1218297 1218306
1218353 1218353
1218503 1218594
1218748 1218784
1218861 1218904
1219108 1219291
1219707 1219780
1219965 1220008
1220165 1220174
1220432 1220465
1220739 1220741
1221228 1221311
1221746 1221833
1222209 1222216
1222489 1222660
1223101 1223108
1223153 1223182
1223334 1223374
1223511 1223527
1223789 1223916
1223947 1223965
1224222 1224270
1224578 1224658
1224846 1224857
1224953 1224976
1225474 1225485
1225740 1225787
1225961 1226024
1226488 1226539
1226585 1226656
1226759 1226766
1227057 1227122
1227260 1227375
1227458 1227542
1227673 1227837
1228070 1228081
1228438 1228541
1228682 1228900
1229186 1229218
1229690 1229768
1229779 1229819
1230188 1230380
1230744 1230777
1231206 1231224
1231538 1231548
1231714 1231718
1232211 1232227
1232383 1232434
1232671 1232687
1233177 1233335
1233679 1233713
1233850 1234078
1234276 1234338
1234551 1234571
1234730 1234732
1235008 1235016
1235042 1235181
1235355 1235420
1235782 1235839
1236310 1236323
1236783 1236843
1237281 1237369
1237480 1237515
1237850 1237872
1238217 1238242
1238575 1238587
1238740 1238778
1239235 1239276
1239519 1239540
1239797 1239801
1240002 1240008
1240161 1240168
1240553 1240566
1240710 1240895
1241070 1241125
1241583 1241586
1241745 1241788
1241944 1241971
1242074 1242075
1242215 1242235
1242518 1242554
1242620 1242638
1242693 1242772
1242989 1243047
1243167 1243191
1243636 1243673
1244014 1244244
1244708 1244900
1244982 1245048
1245049 1245061
1245236 1245287
1245367 1245381
1245511 1245583
1245887 1245899
1246352 1246352
1246535 1246612
1247035 1247184
1247490 1247531
1247817 1247856
1247902 1247911
1248345 1248352
1248794 1248861
1248944 1248998
1249205 1249363
1249401 1249409
1249568 1249611
1249659 1249727
1249818 1249986
1250124 1250215
1250387 1250391
1250734 1250768
1250807 1250832
1250988 1251043
1251156 1251221
1251668 1251766
1251964 1252159
1252170 1252212
1252561 1252571
1253040 1253088
1253392 1253461
1253494 1253502
1253530 1253538
1253604 1253633
1254021 1254023
1254309 1254399
1254776 1254792
1254902 1255085
1255284 1255332
1255468 1255518
1255900 1255929
1256126 1256217
1256291 1256403
1256666 1256678
1257068 1257144
1257322 1257365
1257777 1257956
1258185 1258233
1258661 1258758
1258999 1259018
1259184 1259250
1259343 1259358
1259786 1259826
1260178 1260237
1260260 1260261
1260350 1260366
1260832 1260903
1261118 1261142
1261584 1261636
1261685 1261702
1261720 1261866
1262215 1262231
1262423 1262425
1262830 1262892
1263162 1263223
1263606 1263615
1263791 1263814
1263989 1264004
1264453 1264551
1265029 1265039
1265255 1265356
1265500 1265579
1265880 1265909
1266132 1266146
1266509 1266532
1266899 1266900
1267261 1267280
1267733 1267772
1268218 1268252
1268385 1268396
1268857 1268941
1269172 1269176
1269365 1269429
1269439 1269447
1269933 1269958
1270417 1270672
1270873 1270900
1271092 1271126
1271227 1271341
1271672 1271697
1272051 1272078
1272328 1272380
1272701 1272747
1272968 1272976
1273116 1273167
1273461 1273494
1273789 1273792
1274292 1274405
1274893 1274966
1275165 1275276
1275731 1275957
1276333 1276393
1276529 1276757
1277116 1277134
1277289 1277295
1277682 1277737
1278015 1278022
1278192 1278200
1278237 1278285
1278605 1278642
1278747 1278815
1278992 1278997
1279164 1279342
1279561 1279646
1279844 1279888
1279898 1279929
1280401 1280448
1280623 1280724
1280766 1280785
1281047 1281119
1281307 1281312
1281400 1281416
1281797 1281801
1281858 1281894
1282361 1282361
1282777 1282787
1283149 1283366
1283544 1283547
1283589 1283599
1283610 1283675
1283924 1283969
1284149 1284352
1284619 1284635
1285055 1285186
1285484 1285488
1285560 1285584
1285638 1285650
1285673 1285748
1285811 1285815
1285845 1285874
1286373 1286394
1286697 1286717
1286946 1286946
1287317 1287377
1287509 1287574
1288032 1288124
1288489 1288514
1288757 1288770
1288788 1288804
1288842 1288849
1289185 1289254
1289607 1289706
1290084 1290137
1290572 1290580
1290966 1291098
1291451 1291487
1291929 1291960
1292212 1292242
1292440 1292539
1292767 1292849
1293200 1293260
1293727 1293769
1293928 1293947
1294113 1294119
1294412 1294479
1294506 1294528
1294851 1294937
1295321 1295328
1295375 1295382
1295760 1295842
1296055 1296194
1296547 1296588
1296601 1296605
1296797 1296811
1297094 1297116
1297337 1297448
1297474 1297518
1297971 1297985
1298147 1298149
1298636 1298717
1299196 1299310
1299324 1299336
1299796 1299868
1299973 1300020
1300447 1300543
1300912 1301015
1301393 1301490
1301646 1301676
1301866 1301873
1302235 1302289
1302702 1302897
1302961 1303012
1303376 1303377
1303445 1303727
1304160 1304205
1304607 1304740
1305120 1305205
1305632 1305672
1305990 1306001
1306070 1306081
1306251 1306369
1306722 1306771
1307199 1307380
1307473 1307507
1307970 1308105
1308291 1308325
1308433 1308478
1308681 1308738
1309128 1309159
1309183 1309241
1309585 1309586
1309799 1309801
1310053 1310060
1310098 1310173
1310226 1310413
1310461 1310584
1310925 1310997
1311447 1311478
1311752 1311753
1312027 1312126
1312345 1312485
1312566 1312576
1312824 1312837
1312900 1312928
1313230 1313306
1313458 1313525
1313858 1313882
1314312 1314394
1314636 1314636
1314957 1314990
1315076 1315201
1315661 1315668
1315942 1316010
1316402 1316415
1316424 1316586
1316736 1316757
1317041 1317054
1317510 1317576
1317740 1317789
1318128 1318163
1318222 1318290
1318728 1318818
1318957 1319021
1319120 1319147
1319332 1319344
1319599 1319657
1319696 1319764
1320019 1320047
1320469 1320491
1320577 1320578
1321035 1321043
1321075 1321127
1321193 1321225
1321602 1321614
1321895 1321903
1321990 1322017
1322160 1322255
1322745 1322884
1322935 1322967
1323179 1323266
1323314 1323364
1323608 1323701
1324102 1324108
1324207 1324328
1324384 1324394
1324446 1324451
1324579 1324642
1324655 1324673
1324710 1324750
1325220 1325235
1325556 1325693
1325772 1325843
1326288 1326305
1326457 1326555
1326700 1326714
1326922 1326925
1327177 1327193
1327503 1327550
1327732 1327741
1327791 1327799
1328160 1328269
1328322 1328367
1328449 1328563
1328618 1328661
1329063 1329152
1329375 1329410
1329728 1329831
1330056 1330073
1330323 1330331
1330811 1330830
1331066 1331072
1331127 1331264
1331514 1331520
1331586 1331589
1332029 1332112
1332366 1332448
1332457 1332485
1332873 1332956
1332965 1332994
1333050 1333124
1333577 1333596
1333675 1333741
1333807 1333850
1333879 1333889
1334244 1334276
1334491 1334509
1334991 1335059
1335226 1335273
1335365 1335381
1335630 1335672
1335942 1336014
1336346 1336351
1336811 1336908
1337336 1337345
1337572 1337598
1338009 1338084
1338127 1338152
1338323 1338365
1338425 1338481
1338704 1338716
1338985 1339008
1339434 1339434
1339823 1339825
1339853 1339859
1340030 1340073
1340145 1340187
1340543 1340592
1340827 1340873
1341361 1341398
1341448 1341451
1341812 1341912
1342131 1342185
1342323 1342327
1342566 1342578
1342698 1342749
1343089 1343148
1343231 1343273
1343309 1343453
1343657 1343676
1344079 1344133
1344326 1344351
1344452 1344458
1344842 1344877
1345162 1345187
1345259 1345344
1345393 1345501
1345594 1345612
1345676 1345700
1346199 1346227
1346672 1346742
1347044 1347098
1347597 1347682
1348125 1348156
1348360 1348361
1348601 1348626
1348937 1348939
1349365 1349375
1349406 1349419
1349679 1349760
1350034 1350050
1350347 1350661
1350790 1350790
1351212 1351219
1351650 1351840
1352323 1352336
1352626 1352675
1353074 1353078
1353426 1353430
1353591 1353696
1353982 1353989
1354129 1354169
1354334 1354339
1354674 1354680
1355073 1355096
1355576 1355604
1355957 1355991
1356166 1356173
1356584 1356658
1356720 1356756
1357027 1357170
1357185 1357239
1357331 1357402
1357728 1357749
1357923 1357929
1358370 1358420
1358673 1358682
1358735 1358740
1358811 1359034
1359441 1359595
1359654 1359774
1360008 1360091
1360385 1360476
1360886 1360969
1361374 1361411
1361777 1361824
1362074 1362127
1362193 1362229
1362301 1362474
1362548 1362557
1362880 1362911
1363372 1363392
1363631 1363810
1364165 1364198
1364274 1364285
1364682 1364757
1364812 1364873
1364918 1365054
1365526 1365564
1365851 1365927
1365998 1366010
1366371 1366450
1366846 1366856
1367340 1367394
1367448 1367455
1367491 1367547
1367674 1367756
1367866 1367890
1368117 1368135
1368468 1368526
1368964 1369078
1369097 1369098
1369459 1369484
1369770 1369781
1369812 1369848
1370028 1370103
1370334 1370346
1370635 1370746
1370794 1370823
1371082 1371082
1371291 1371302
1371395 1371415
1371733 1371774
1371790 1371857
1372006 1372020
1372390 1372397
1372865 1372947
1373108 1373133
1373318 1373548
1373776 1373848
1374286 1374334
1374541 1374551
1374923 1374968
1375236 1375292
1375646 1375656
1375698 1375725
1376085 1376113
1376122 1376159
1376614 1376741
1376976 1377001
1377012 1377028
1377496 1377511
1377979 1377986
1378260 1378333
1378680 1378740
1379240 1379308
1379426 1379547
1379732 1379779
1380016 1380085
1380570 1380649
1380691 1380694
1380935 1380978
1381233 1381244
1381662 1381767
1381891 1381949
1381980 1381980
1382445 1382564
1382620 1382655
1383050 1383055
1383251 1383298
1383752 1383752
1383906 1383935
1383991 1384002
1384059 1384109
1384503 1384543
1384802 1384842
1385314 1385323
1385618 1385641
1386079 1386091
1386460 1386499
1386657 1386692
1386982 1386988
1387170 1387176
1387630 1387659
1388058 1388084
1388116 1388193
1388575 1388632
1388660 1388693
1388870 1388898
1388990 1389081
1389175 1389264
1389347 1389437
1389665 1389691
1389965 1390023
1390493 1390539
1390660 1390724
1391174 1391410
1391711 1391767
1391839 1391899
1392195 1392218
1392696 1392778
1393164 1393201
1393701 1393744
1393934 1393960
1394220 1394242
1394488 1394502
1394760 1394851
1394865 1394880
1395325 1395370
1395751 1395876
1396187 1396222
1396580 1396604
1396878 1396935
1397309 1397335
1397812 1397823
1397871 1397904
1398366 1398383
1398614 1398631
1398931 1399096
1399579 1399582
1399868 1399979
1400006 1400095
1400278 1400351
1400682 1400692
1400870 1400933
1401324 1401327
1401374 1401429
1401711 1401723
1401799 1401916
1402208 1402275
1402375 1402419
1402690 1402702
1402771 1402773
1403125 1403166
1403225 1403281
1403541 1403561
1403968 1404012
1404049 1404062
1404081 1404155
1404385 1404461
1404950 1404961
1405397 1405441
1405882 1405917
1406029 1406110
1406426 1406437
1406869 1406901
1407304 1407450
1407769 1407778
1408194 1408247
1408679 1408762
1408875 1408890
1409055 1409164
1409403 1409601
1409872 1409895
1410046 1410049
1410128 1410167
1410361 1410473
1410665 1410683
1410780 1410796
1411135 1411209
1411518 1411614
1411993 1412157
1412408 1412434
1412552 1412613
1413045 1413053
1413060 1413091
1413363 1413444
1413730 1413767
1413768 1413772
1413943 1413988
1414196 1414219
1414383 1414430
1414873 1414886
1415258 1415310
1415363 1415450
1415907 1415937
1416408 1416452
1416664 1416696
1417025 1417056
1417312 1417355
1417395 1417402
1417850 1417861
1417866 1417904
1417990 1418027
1418075 1418084
1418150 1418229
1418708 1418723
1419086 1419168
1419309 1419329
1419682 1419702
1420107 1420119
1420489 1420503
1420680 1420761
1420770 1420860
1420879 1420889
1421354 1421485
1421811 1421865
1422328 1422411
1422724 1422814
1422825 1422921
1423403 1423419
1423437 1423447
1423804 1423849
1424285 1424307
1424556 1424604
1425099 1425163
1425532 1425590
1425603 1425702
1426043 1426047
1426104 1426152
1426450 1426451
1426847 1426912
1427119 1427141
1427329 1427435
1427611 1427640
1427765 1427767
1427888 1427944
1428068 1428078
1428102 1428281
1428330 1428333
1428694 1428736
1428740 1428786
1429206 1429305
1429791 1429858
1429991 1430006
1430225 1430259
1430359 1430366
1430499 1430580
1430898 1430919
1431323 1431336
1431444 1431463
1431502 1431599
1432050 1432117
1432544 1432568
1432957 1432972
1433340 1433345
1433732 1433758
1433796 1433839
1433962 1434108
1434506 1434550
1434831 1434883
1435286 1435300
1435701 1435704
1435769 1435771
1435924 1435966
1435984 1436035
1436038 1436044
1436493 1436538
1436677 1436683
1437092 1437116
1437304 1437328
1437565 1437565
1437959 1437970
1438338 1438361
1438797 1438804
1439259 1439266
1439485 1439520
1439835 1439859
1440161 1440177
1440534 1440614
1440729 1440769
1440808 1440896
1441237 1441322
1441351 1441455
1441681 1441694
1441871 1441900
1442142 1442206
1442429 1442448
1442683 1442758
1442930 1442963
1443090 1443127
1443552 1443567
1443707 1443718
1443849 1443849
1444224 1444245
1444249 1444313
1444480 1444508
1444907 1444952
1445436 1445548
1445583 1445596
1445968 1446082
1446293 1446294
1446516 1446544
1446795 1446803
1447254 1447275
1447582 1447605
1448011 1448019
1448516 1448650
1448676 1448763
1449174 1449253
1449689 1449770
1449942 1449949
1449972 1449980
1450234 1450293
1450646 1450669
1450846 1450856
1450900 1450938
1451335 1451339
1451756 1451821
1451909 1451950
1452021 1452041
1452499 1452500
1452757 1452783
1452820 1452873
1453101 1453123
1453159 1453167
1453293 1453354
1453707 1453758
1454162 1454245
1454316 1454321
1454455 1454457
1454537 1454628
1454633 1454799
1454887 1454941
1455118 1455130
1455447 1455449
1455486 1455710
1456141 1456148
1456530 1456535
1456791 1456881
1457230 1457379
1457641 1457655
1457918 1457963
1458057 1458089
1458383 1458451
1458514 1458533
1458959 1458973
1458999 1459001
1459093 1459115
1459235 1459357
1459522 1459563
1459893 1459920
1459981 1460088
1460580 1460618
1460845 1460866
1461149 1461242
1461268 1461356
1461583 1461645
1462014 1462138
1462429 1462431
1462807 1462967
1463255 1463266
1463639 1463714
1463735 1463739
1463997 1463999
1464008 1464014
1464096 1464233
1464455 1464469
1464885 1464929
1465002 1465004
1465329 1465350
1465781 1465835
1466063 1466081
1466277 1466290
1466515 1466520
1466709 1466803
1466907 1467002
1467144 1467157
1467341 1467352
1467739 1467784
1468021 1468199
1468309 1468314
1468565 1468583
1468710 1468892
1469264 1469296
1469413 1469547
1469802 1469972
1470192 1470205
1470506 1470514
1470874 1470956
1471248 1471451
1471917 1471962
1472326 1472428
1472564 1472588
1472916 1472969
1473365 1473401
1473458 1473483
1473695 1473716
1473866 1474004
1474227 1474271
1474692 1474700
1475143 1475168
1475422 1475666
1475893 1475918
1476050 1476059
1476458 1476463
1476566 1476571
1476894 1477177
1477672 1477682
1477827 1477904
1478056 1478097
1478525 1478537
1478696 1478737
1479013 1479024
1479248 1479280
1479475 1479550
1479845 1479854
1479893 1479897
1480353 1480359
1480799 1480827
1480864 1480962
1481083 1481163
1481305 1481501
1481851 1481854
1482347 1482351
1482822 1482893
1483290 1483307
1483797 1483891
1483894 1483993
1484337 1484344
1484656 1484698
1484722 1484769
1484952 1484990
1485320 1485507
1485784 1485830
1486094 1486096
1486164 1486186
1486260 1486280
1486569 1486582
1486763 1486778
1487132 1487151
1487605 1487636
1487781 1487791
1487848 1487871
1488274 1488288
1488707 1488709
1488918 1488921
1489317 1489409
1489733 1489808
1490187 1490203
1490290 1490311
1490695 1490699
1490906 1490917
1491278 1491318
1491415 1491447
1491791 1491929
1492169 1492178
1492383 1492443
1492849 1492871
1493036 1493114
1493138 1493150
1493544 1493627
1493848 1493881
1494253 1494352
1494799 1494941
1495299 1495339
1495467 1495482
1495924 1495957
1496404 1496510
1496645 1496660
1496724 1496812
1497297 1497315
1497512 1497526
1497968 1497999
1498144 1498238
1498477 1498546
