429 524
873 977
1094 1218
1384 1484
1569 1653
2102 2200
2485 2559
3030 3100
3320 3412
3564 3685
3779 3854
4110 4214
4452 4554
5008 5054
5287 5373
5479 5548
5596 5677
5735 5843
6165 6254
6385 6473
6620 6703
6862 6960
7191 7264
7388 7496
7554 7636
7785 7883
8088 8215
8324 8430
8893 8989
9470 9585
9830 9906
10318 10385
10414 10553
10693 10813
10967 11060
11453 11571
11591 11671
11967 12098
12444 12528
12766 12875
13220 13342
13574 13688
13920 14059
14214 14349
14815 14937
15218 15359
15688 15801
16227 16323
16537 16631
16711 16789
17087 17178
17469 17564
17882 17984
18418 18490
18720 18834
19018 19108
19162 19290
19521 19653
19862 20001
20080 20159
20172 20281
20412 20524
20616 20802
21010 21117
21538 21653
21700 21818
22278 22356
22718 22794
23103 23200
23378 23475
23973 24069
24202 24318
24478 24561
24869 25025
25039 25120
25526 25655
25663 25735
26223 26299
26446 26540
26630 26770
26929 27017
27238 27343
27634 27735
28121 28238
28738 28871
29054 29163
29582 29683
29744 29844
29886 29961
30354 30452
30546 30600
30811 30951
30991 31089
31556 31654
31896 31996
32022 32066
32112 32240
32324 32427
32700 32796
33166 33278
33426 33535
33606 33722
33724 33800
34253 34329
34596 34690
34760 34858
34889 34984
35170 35260
35648 35736
36030 36137
36212 36322
36334 36410
36492 36595
37036 37113
37512 37612
37615 37704
38107 38226
38608 38706
38913 39012
39026 39147
39580 39710
40096 40156
40612 40715
40943 41055
41333 41445
41945 42014
42059 42145
42462 42571
42846 42942
43019 43085
43281 43379
43508 43607
43723 43824
44220 44359
44784 44886
44891 44995
45288 45422
45516 45638
45948 46068
46368 46461
46708 46780
47052 47169
47655 47742
47939 48004
48014 48160
48605 48699
49170 49293
49529 49636
49744 49833
49892 50007
50470 50580
51049 51125
51127 51231
51413 51519
51723 51770
52099 52234
52363 52492
52985 53108
53139 53287
53434 53534
53602 53725
53859 53962
54296 54387
54491 54605
55018 55119
55580 55640
56118 56228
56463 56565
56879 56977
57397 57479
57816 57930
58389 58456
58459 58543
58708 58809
59117 59232
59702 59820
59943 60058
60130 60238
60732 60833
61324 61404
61547 61662
61949 62087
62390 62481
62719 62830
62962 63078
63382 63477
63754 63847
64250 64356
64370 64437
64761 64841
64965 65056
65438 65532
65668 65785
65868 65952
66301 66393
66639 66720
67086 67192
67474 67557
67750 67871
67984 68083
68292 68420
68479 68533
68590 68684
68754 68858
69130 69219
69398 69495
69861 69961
70136 70225
70537 70622
71075 71149
71515 71589
71716 71834
72124 72237
72360 72453
72835 72942
73215 73274
73371 73476
73940 74049
74080 74167
74649 74759
75076 75157
75498 75574
75761 75876
75973 76061
76087 76185
76599 76680
76971 77065
77455 77530
77994 78104
78150 78226
78513 78596
78972 79088
79131 79249
79593 79707
80049 80139
80163 80262
80758 80872
80932 81068
81239 81309
81721 81830
82050 82166
82659 82786
83199 83255
83374 83445
83720 83832
83936 84018
84162 84261
84591 84695
85132 85232
85716 85804
86114 86175
86628 86746
87095 87196
87694 87798
88294 88350
88709 88803
89109 89196
89462 89528
89766 89857
90289 90378
90784 90863
90980 91103
91358 91430
91448 91560
91658 91770
92123 92205
92531 92596
92793 92920
93160 93228
93422 93543
93767 93860
94102 94198
94605 94705
95055 95158
95644 95752
95907 96031
96345 96458
96811 96919
97141 97237
97323 97441
97737 97824
98222 98348
98363 98449
98508 98603
98668 98772
99126 99207
99483 99595
100017 100111
100600 100720
101069 101175
101397 101481
101717 101808
101815 101889
102093 102182
102500 102614
102862 102979
103037 103142
103397 103513
103760 103870
104146 104244
104291 104369
104536 104615
104682 104763
105211 105331
105442 105522
105954 106041
106394 106480
106834 106913
107076 107176
107674 107773
108222 108328
108388 108472
108781 108885
109226 109327
109331 109426
109541 109644
109698 109785
110069 110157
110616 110712
111054 111144
111388 111485
111950 112056
112379 112462
112730 112780
112937 113047
113503 113592
113641 113770
114156 114244
114723 114842
115021 115105
115433 115549
115978 116097
116227 116356
116634 116755
117019 117121
117344 117437
117581 117684
118108 118218
118452 118552
118668 118780
118795 118904
118936 119076
119210 119263
119601 119693
119701 119808
120095 120198
120506 120596
120683 120789
120846 120952
121140 121200
121318 121429
121810 121917
122253 122384
122682 122800
122935 123036
123208 123319
123540 123584
123617 123709
123711 123839
124084 124164
124172 124257
124324 124421
124796 124918
125380 125471
125571 125656
126129 126208
126644 126750
126802 126894
127283 127377
127875 127989
128353 128425
128478 128608
128793 128911
128952 129060
129429 129544
129579 129657
129716 129827
129876 129987
130373 130490
130724 130804
130954 131054
131071 131208
131517 131628
132056 132171
132523 132674
133021 133141
133464 133580
133785 133887
134261 134358
134525 134591
134644 134759
135207 135297
135389 135503
135826 135927
136286 136432
136540 136603
137019 137122
137456 137558
138034 138128
138379 138491
138882 139002
139084 139151
139641 139718
139787 139883
139898 139969
140387 140481
140889 140989
141205 141309
141332 141430
141704 141777
141908 141998
142264 142364
142579 142702
143175 143257
143376 143466
143878 143995
144363 144484
144638 144730
144925 145024
145390 145489
145723 145826
145922 145993
146394 146525
146561 146675
146894 146946
147040 147143
147417 147519
147760 147860
148003 148100
148157 148285
148471 148535
148538 148649
148802 148869
149364 149477
149633 149742
149842 149932
150033 150120
150595 150734
151100 151200
151424 151533
151619 151719
151730 151831
152215 152327
152566 152700
153034 153103
153333 153429
153685 153801
153840 153964
154135 154222
154335 154439
154700 154803
155014 155073
155188 155281
155717 155813
155957 156040
156157 156267
156528 156624
156782 156864
156966 157100
157208 157334
157662 157760
157924 158041
158149 158248
158527 158616
159051 159157
159257 159360
159677 159778
160169 160249
160436 160505
160904 160961
161404 161485
161761 161852
162337 162433
162826 162939
163203 163303
163665 163753
163799 163883
164316 164408
164620 164710
164804 164930
165094 165189
165199 165303
165730 165849
166236 166317
166478 166582
167072 167183
167639 167738
168176 168232
168517 168591
168695 168809
168969 169069
169526 169628
169762 169836
169922 170042
170266 170355
170483 170586
170716 170842
171175 171253
171495 171622
171734 171811
171951 172029
172108 172224
172502 172590
172925 173029
173253 173342
173560 173675
174078 174169
174233 174339
174482 174582
174937 175035
175322 175449
175488 175601
176094 176157
176164 176266
176678 176747
176925 177020
177233 177345
177834 177977
178272 178357
178441 178538
178899 179030
179447 179541
179683 179768
180145 180238
180341 180451
180759 180909
181046 181180
181309 181380
181510 181607
181690 181807
182133 182224
182282 182395
182656 182768
183247 183342
183633 183733
183879 183971
184153 184219
184224 184312
184370 184464
184678 184771
185224 185303
185725 185829
185928 186024
186379 186431
186517 186613
186852 186958
187011 187135
187480 187574
187580 187660
187868 187951
188400 188502
188953 189058
189289 189414
189843 189933
190405 190521
190719 190851
190862 190960
191448 191574
191697 191766
192235 192321
192602 192731
192764 192848
193110 193220
193579 193691
193944 194061
194262 194344
194508 194583
194611 194677
194933 194997
195369 195459
195523 195617
195992 196088
196510 196601
196796 196894
196906 197021
197424 197519
198007 198115
198496 198570
199032 199179
199255 199332
199780 199903
200257 200406
200452 200513
200867 200931
201004 201049
201479 201577
201973 202099
202190 202274
202729 202845
203134 203229
203474 203567
203904 203957
204197 204294
204575 204693
205023 205108
205529 205626
205992 206115
206547 206682
207173 207305
207680 207815
208055 208117
208278 208334
208497 208625
208962 209109
209561 209673
209976 210072
210440 210560
210648 210743
211176 211282
211329 211407
211834 211928
212019 212124
212566 212648
212780 212916
213028 213112
213263 213379
213381 213469
213498 213598
214014 214123
214346 214456
214671 214788
214869 214952
215265 215362
215429 215531
216011 216091
216477 216586
217035 217136
217226 217285
217754 217857
218306 218411
218636 218737
219006 219123
219288 219405
219780 219849
220281 220412
220846 220929
221063 221176
221500 221610
221846 221901
222252 222373
222601 222686
222965 223085
223520 223653
223767 223879
223961 224021
224263 224378
224653 224748
224977 225069
225124 225224
225586 225694
225939 226043
226328 226419
226601 226699
227078 227187
227372 227468
227662 227760
227882 227968
228366 228428
228657 228760
229099 229190
229332 229443
229618 229724
229966 230108
230336 230401
230551 230603
231061 231153
231405 231538
231565 231645
231738 231845
232086 232197
232207 232310
232778 232908
232980 233092
233222 233330
233678 233781
233993 234118
234226 234352
234402 234502
234943 235067
235264 235375
235606 235736
236130 236243
236670 236782
237121 237219
237541 237648
237788 237921
238118 238220
238241 238314
238317 238408
238693 238824
238951 239037
239186 239296
239547 239624
239887 239939
240227 240328
240546 240649
240747 240849
241336 241423
241775 241875
242021 242103
242532 242637
242808 242889
242998 243122
243531 243637
243695 243806
244241 244329
244728 244823
245192 245289
245432 245558
246057 246193
246525 246608
246942 247060
247447 247511
247967 248082
248195 248334
248369 248480
248487 248595
248769 248871
249318 249423
249856 249929
250115 250205
250677 250766
251024 251147
251509 251591
251632 251752
252056 252148
252375 252459
252834 252969
253273 253364
253470 253595
253908 254018
254319 254387
254884 254992
255239 255322
255782 255852
256183 256310
256524 256614
256776 256871
256922 257021
257334 257450
257925 258012
258383 258501
258572 258716
259162 259251
259439 259568
259908 260002
260381 260465
260550 260667
260749 260846
261163 261232
261435 261529
261683 261767
262148 262239
262299 262426
262794 262916
263402 263499
263657 263732
264138 264220
264623 264721
265001 265101
265564 265683
266125 266217
266413 266538
266764 266868
266959 267070
267128 267228
267622 267714
268187 268300
268736 268843
268901 269071
269307 269393
269509 269603
269634 269726
269894 269962
270339 270459
270477 270549
270915 271019
271088 271199
271525 271627
271808 271889
272157 272245
272662 272738
272765 272877
273201 273286
273412 273529
273711 273760
273766 273899
274076 274166
274358 274506
274729 274868
275337 275444
275673 275789
276216 276307
276678 276809
277306 277381
277830 277947
278433 278547
278551 278694
278952 279017
279383 279488
279977 280056
280083 280167
280446 280554
280811 280874
281357 281416
281456 281540
281625 281736
281983 282075
282276 282364
282637 282717
282899 282939
283087 283191
283199 283275
283462 283576
283971 284089
284292 284394
284441 284566
284762 284819
285090 285178
285512 285640
285813 285911
286101 286191
286586 286660
286950 287072
287439 287557
287888 287955
288281 288375
288837 288909
289019 289146
289326 289413
289865 289967
289969 290095
290097 290222
290573 290681
291041 291113
291441 291542
291750 291868
292267 292356
292797 292908
293054 293136
293563 293629
294020 294137
294244 294328
294340 294430
294732 294798
294847 294930
295267 295356
295419 295526
295771 295872
296098 296160
296421 296499
296731 296829
297128 297224
297297 297414
297480 297562
298057 298210
298623 298671
298787 298888
299077 299197
299363 299494
299506 299586
299753 299826
299853 299938
300142 300242
300660 300771
300837 300958
301240 301317
301647 301736
302129 302274
302764 302874
303131 303205
303611 303705
304195 304298
304740 304842
305118 305227
305255 305332
305489 305568
305963 306096
306222 306307
306468 306568
306693 306792
307187 307268
307722 307834
307904 307995
308488 308579
308580 308642
308864 308942
309209 309327
309466 309561
309883 309960
310063 310151
310157 310232
310726 310866
310982 311071
311538 311665
312058 312164
312202 312304
312418 312484
312831 312949
312996 313091
313496 313594
313659 313746
314098 314209
314583 314705
314892 314985
315413 315517
315569 315665
315935 316038
316521 316602
316830 316921
317232 317325
317752 317886
318346 318436
318859 318970
319353 319475
319630 319704
320107 320197
320587 320692
320827 320918
321201 321300
321761 321856
322095 322194
322237 322368
322428 322520
322816 322926
323334 323458
323668 323767
324237 324353
324448 324546
324612 324746
325124 325223
325589 325701
326171 326251
326430 326543
326553 326629
327123 327200
327244 327359
327405 327489
327778 327917
328268 328407
328824 328948
329139 329232
329514 329658
329927 330034
330067 330139
330280 330395
330723 330857
330962 331062
331169 331307
331539 331666
331720 331810
332135 332266
332644 332758
332842 332903
333256 333345
333401 333502
333713 333785
333966 334068
334563 334661
334691 334781
334851 334970
335171 335302
335736 335838
336061 336178
336595 336687
336788 336900
336972 337071
337138 337227
337328 337448
337797 337873
338014 338111
338325 338424
338774 338896
338939 339040
339355 339448
339575 339651
339678 339763
339774 339854
340136 340229
340367 340477
340716 340838
340989 341046
341120 341214
341430 341514
341974 342058
342291 342427
342581 342704
343151 343259
343399 343497
343595 343671
343747 343868
344126 344223
344371 344456
344483 344576
344765 344857
344968 345085
345377 345508
345919 346025
346409 346484
346874 347004
347464 347573
347669 347771
347901 347997
348211 348321
348817 348937
349180 349264
349420 349522
349920 350014
350332 350450
350647 350747
350941 351034
351435 351518
351647 351767
351982 352073
352349 352445
352790 352865
352976 353075
353389 353551
353793 353895
354040 354159
354202 354330
354808 354889
355119 355230
355519 355639
356128 356226
356363 356461
356574 356662
356998 357078
357130 357226
357520 357627
357929 358052
358268 358376
358773 358872
358921 359042
359092 359226
359381 359509
359801 359887
360195 360326
360774 360886
361350 361444
361567 361668
362100 362202
362419 362514
362834 362925
363292 363380
363789 363864
363879 363975
364182 364292
364513 364617
364785 364908
364931 365034
365482 365567
366047 366163
366515 366599
367069 367169
367285 367404
367414 367511
367690 367791
367993 368082
368575 368677
368789 368879
368933 369066
369531 369619
370111 370207
370690 370822
370846 370972
371233 371344
371548 371656
372005 372077
372405 372489
372766 372860
372891 373005
373373 373475
373791 373904
374309 374376
374854 374961
375432 375522
375812 375924
375955 376082
376420 376482
376712 376818
377010 377101
377191 377266
377703 377791
377849 377953
378176 378275
378511 378608
378891 378978
379423 379487
379925 379977
380220 380330
380336 380438
380930 381092
381133 381221
381593 381694
382060 382158
382277 382358
382589 382667
383017 383099
383435 383565
383952 384046
384420 384517
384562 384654
384843 384969
385209 385299
385614 385739
386007 386103
386368 386488
386574 386683
387041 387142
387414 387514
387735 387847
388066 388182
388308 388386
388861 388967
389091 389177
389619 389753
390044 390158
390614 390693
391188 391288
391490 391568
391735 391823
391871 391963
392051 392153
392560 392646
392857 392937
393165 393279
393765 393864
394037 394157
394332 394393
394622 394719
395061 395156
395484 395561
396011 396072
396248 396336
396582 396690
397145 397207
397499 397579
397669 397794
398067 398162
398311 398416
398495 398611
398821 398947
399442 399535
399807 399898
400133 400230
400402 400525
400666 400738
400840 400924
400989 401103
401405 401507
401993 402108
402227 402324
402426 402513
402627 402731
403168 403245
403360 403440
403580 403692
403914 404020
404412 404456
404587 404692
404863 404950
405044 405167
405291 405396
405724 405848
406126 406202
406418 406472
406643 406741
407235 407318
407665 407787
408192 408300
408671 408740
408810 408889
409120 409220
409703 409828
410327 410441
410607 410712
410732 410812
411199 411282
411486 411601
411834 411916
412119 412210
412487 412580
412846 412961
413456 413567
413753 413848
414298 414382
414405 414511
415008 415127
415236 415370
415720 415842
415992 416098
416421 416549
416996 417081
417490 417592
417749 417851
418326 418424
418806 418928
419204 419291
419619 419708
419855 419975
420070 420125
420270 420374
420615 420728
420860 420973
421256 421360
421602 421696
421939 422025
422258 422360
422858 422946
423262 423404
423475 423547
423957 424035
424049 424114
424213 424351
424636 424743
424768 424844
425226 425362
425766 425861
426010 426124
426528 426641
427077 427184
427366 427476
427602 427736
428097 428158
428316 428425
428489 428571
428897 429006
429214 429328
429659 429748
429991 430050
430190 430285
430586 430651
430827 430921
431340 431415
431912 432027
432261 432370
432472 432573
432762 432857
433195 433301
433486 433606
434087 434170
434233 434292
434450 434557
434818 434895
435353 435454
435886 435991
436425 436505
436659 436738
437059 437182
437293 437406
437645 437726
437802 437933
438137 438242
438545 438672
438866 438979
439476 439583
439732 439820
439862 439984
440347 440471
440863 440939
441358 441471
441567 441686
442029 442164
442584 442687
442829 442931
442980 443090
443478 443562
443786 443875
444069 444164
444409 444513
444545 444629
445060 445164
445527 445633
445707 445839
446205 446273
446546 446627
446834 446971
447173 447254
447577 447658
448006 448103
448603 448683
448749 448853
449240 449338
449748 449849
449901 449995
450249 450380
450450 450581
450730 450825
450882 450969
451258 451379
451825 451898
451909 452001
452383 452525
452789 452915
453031 453131
453409 453506
453713 453833
453933 454026
454388 454486
454711 454804
455011 455119
455553 455659
455756 455876
455997 456117
456499 456594
456943 457064
457514 457595
457902 458017
458228 458348
458708 458801
459159 459280
459360 459436
459709 459794
460240 460329
460819 460904
461389 461481
461596 461688
461877 462004
462063 462174
462189 462264
462661 462723
462977 463039
463474 463543
463866 463964
464016 464115
464531 464620
464689 464778
465159 465244
465590 465677
466059 466161
466346 466471
466839 466912
467051 467152
467265 467364
467845 467958
468279 468366
468410 468504
468911 469011
469220 469302
469692 469785
469923 470029
470209 470316
470783 470901
471223 471317
471330 471393
471516 471618
472040 472115
472314 472431
472577 472660
472847 472930
473085 473169
473464 473553
473768 473838
474248 474328
474447 474555
475039 475122
475401 475501
475933 476011
476431 476524
476787 476876
476968 477089
477304 477403
477540 477647
477651 477759
477896 477968
478145 478218
478289 478376
478424 478551
478616 478717
478886 478991
479099 479211
479386 479482
479812 479908
479980 480070
480537 480646
480970 481059
481278 481370
481467 481572
481923 482017
482453 482561
482681 482789
483046 483171
483582 483672
484063 484145
484605 484717
485075 485175
485216 485335
485496 485631
485877 485999
486387 486451
486455 486574
486818 486941
487395 487492
487704 487813
488109 488204
488646 488729
489022 489112
489547 489634
490089 490178
490219 490313
490781 490890
490961 491025
491051 491154
491200 491270
491642 491756
492002 492114
492414 492519
492775 492855
493220 493319
493811 493896
494385 494482
494794 494910
495226 495309
495548 495655
496036 496123
496547 496658
496957 497042
497538 497648
497761 497860
497875 497942
498262 498358
498366 498439
498599 498716
498883 498991
499196 499306
499320 499410
499750 499837
500212 500339
500817 500905
501183 501264
501500 501597
501933 502037
502062 502171
502439 502516
502624 502743
503038 503185
503429 503490
503676 503812
503909 503979
504305 504413
504518 504617
504873 504961
504985 505092
505487 505581
505811 505919
506079 506197
506349 506427
506479 506585
506999 507100
507385 507469
507841 507958
508255 508360
508748 508845
509323 509385
509885 509980
510425 510541
510691 510782
510841 510919
511097 511197
511464 511556
511948 512063
512543 512625
512865 512946
513023 513129
513321 513394
513591 513696
513793 513843
514232 514330
514737 514823
514993 515071
515544 515663
515781 515871
516321 516434
516480 516609
516824 516944
517168 517254
517646 517727
518092 518203
518574 518670
518726 518860
519005 519098
519208 519338
519586 519680
520145 520250
520544 520658
520936 521036
521094 521189
521561 521674
521748 521846
522233 522348
522513 522600
522713 522752
522766 522845
523076 523200
523311 523405
523481 523617
523859 523949
524120 524227
524491 524561
524563 524669
524847 524942
525008 525134
525210 525320
525544 525658
525975 526072
526363 526460
526515 526622
526814 526945
527165 527286
527532 527610
527997 528095
528265 528340
528755 528817
528851 528941
529081 529185
529495 529599
529655 529784
529957 530046
530357 530431
530909 531012
531304 531408
531852 531912
532412 532529
532815 532885
533107 533181
533276 533400
533891 533979
534339 534455
534672 534772
534839 534928
535165 535243
535628 535739
535947 536053
536056 536146
536244 536326
536644 536749
536842 536923
537294 537416
537913 538027
538402 538477
538497 538595
538802 538959
539209 539305
539789 539868
540322 540461
540815 540921
541090 541183
541287 541384
541657 541745
541883 541955
541964 542084
542562 542661
543121 543241
543289 543387
543792 543920
544003 544103
544204 544353
544523 544623
544956 545031
545276 545369
545442 545550
545566 545689
546115 546228
546593 546697
547081 547153
547298 547382
547841 547942
548216 548325
548730 548864
549221 549321
549353 549454
549693 549784
550194 550271
550383 550505
550520 550594
550968 551051
551351 551456
551610 551701
551987 552084
552085 552180
552400 552499
552634 552723
552913 552988
553229 553346
553732 553877
554247 554378
554826 554952
555048 555171
555617 555678
555769 555894
556250 556323
556367 556488
556558 556677
556921 557007
557253 557343
557621 557743
558046 558114
558304 558420
558455 558563
558618 558743
559203 559273
559534 559619
560023 560080
560420 560559
560839 560933
561389 561494
561921 562028
562142 562229
562640 562738
563098 563222
563309 563411
563879 563998
564405 564537
564658 564754
564905 565037
565452 565530
565633 565716
565985 566079
566565 566671
566700 566807
567056 567151
567339 567445
567815 567877
568059 568139
568214 568325
568347 568444
568585 568664
569148 569227
569691 569798
570025 570115
570612 570697
570889 571004
571425 571523
571983 572067
572340 572440
572876 572954
573384 573486
573966 574047
574347 574442
574734 574821
575172 575277
575615 575757
576236 576337
576461 576555
577011 577130
577417 577514
577983 578047
578346 578444
578723 578818
578944 579046
579527 579657
579938 580045
580322 580445
580904 581005
581175 581256
581695 581804
582111 582199
582531 582610
582678 582786
582911 583005
583151 583227
583599 583704
584196 584297
584475 584578
584802 584889
585253 585350
585763 585842
586207 586327
586513 586661
586865 586968
586992 587098
587542 587640
587679 587791
587968 588062
588247 588340
588487 588572
588786 588886
589356 589493
589635 589750
590061 590134
590331 590455
590796 590877
591369 591492
591868 591913
592176 592288
592386 592488
592949 593047
593376 593460
593910 594020
594091 594185
594653 594746
594899 595006
595314 595409
595602 595675
596112 596256
596504 596547
596558 596644
596861 596978
597143 597232
597612 597701
597922 598002
598095 598172
598548 598650
599135 599248
599587 599680
600009 600107
600446 600562
600715 600851
601105 601222
601242 601367
601406 601504
601732 601854
602130 602223
602224 602297
602771 602883
603086 603212
603262 603353
603733 603822
603901 604039
604291 604418
604522 604608
604828 604913
605347 605447
605556 605633
606045 606160
606282 606394
606769 606843
606912 606983
607447 607560
607774 607858
607917 608011
608383 608501
608983 609098
609296 609382
609586 609717
609926 610030
610126 610244
610414 610487
610827 610911
611316 611408
611583 611675
612042 612136
612514 612580
612758 612875
613164 613251
613487 613600
613960 614047
614433 614490
614515 614584
614928 615051
615470 615582
615878 615947
616194 616283
616447 616494
616885 616973
617337 617454
617497 617607
617619 617714
617773 617893
618367 618489
618634 618696
618774 618891
619189 619265
619614 619719
619816 619923
620079 620153
620321 620411
620865 620968
621182 621261
621624 621715
621750 621846
622013 622128
622291 622385
622389 622492
622533 622648
622684 622786
623173 623264
623448 623568
623750 623822
624095 624205
624499 624624
625048 625141
625483 625530
625767 625845
626274 626395
626783 626908
627096 627155
627186 627246
627371 627481
627674 627755
627907 628014
628437 628517
628586 628654
628796 628896
628915 628991
629477 629535
629649 629705
630070 630152
630208 630291
630578 630661
630818 630935
630967 631077
631129 631203
631303 631388
631555 631661
631765 631860
632291 632360
632516 632602
632641 632725
633017 633095
633266 633357
633648 633763
634070 634141
634149 634260
634388 634500
634890 634957
635254 635383
635826 635906
635947 636043
636335 636420
636671 636796
637201 637285
637595 637667
637954 638036
638306 638404
638794 638916
639084 639179
639261 639366
639689 639786
640236 640373
640853 640956
641354 641445
641529 641626
641942 642057
642285 642413
642460 642568
642600 642700
643120 643198
643689 643756
644158 644270
644290 644379
644757 644883
645206 645334
645396 645478
645598 645687
645923 646022
646251 646344
646416 646519
646591 646691
646794 646857
647027 647104
647409 647504
647773 647903
647914 648033
648067 648159
648638 648744
649034 649138
649325 649420
649903 649996
650420 650527
650557 650647
651055 651161
651301 651430
651540 651652
651775 651862
651982 652090
652185 652289
652479 652592
652994 653108
653356 653453
653823 653947
654136 654258
654678 654777
655084 655195
655677 655753
655821 655894
656047 656170
656496 656627
656900 656981
657402 657479
657703 657798
658127 658216
658469 658541
658564 658654
659059 659126
659495 659600
659963 660047
660284 660418
660652 660757
660880 661006
661229 661359
661521 661599
662009 662094
662453 662567
662576 662689
662703 662786
663217 663341
663797 663938
664094 664201
664412 664437
664738 664834
665289 665369
665612 665693
665734 665871
666309 666421
666675 666771
667203 667310
667580 667699
667894 667986
668370 668473
668552 668661
668928 668994
669003 669123
669559 669645
669847 669934
670100 670200
670485 670543
670755 670858
671103 671200
671363 671481
671762 671853
671896 671990
672050 672120
672489 672624
672870 672971
673317 673426
673815 673902
674070 674158
674446 674548
674924 675013
675360 675456
675922 676010
676298 676420
676895 676998
677257 677370
677760 677857
678099 678188
678219 678299
678323 678441
678685 678788
678883 678999
679252 679344
679495 679595
679673 679743
679766 679829
680239 680326
680500 680582
680728 680871
680932 681018
681029 681132
681564 681670
681788 681885
682031 682145
682330 682412
682517 682627
682863 682999
683179 683253
683576 683705
683956 684064
684387 684483
684931 685043
685397 685471
685918 686026
686148 686250
686392 686532
686887 686989
687246 687374
687461 687555
687831 687883
688018 688130
688223 688318
688501 688637
689048 689164
689403 689466
689853 689947
690082 690177
690259 690365
690561 690631
690644 690767
691012 691132
691346 691412
691795 691914
692396 692500
692710 692825
693163 693276
693578 693663
694086 694204
694512 694643
695117 695223
695395 695507
695612 695734
696149 696257
696669 696767
697173 697287
697491 697618
697891 698010
698488 698603
699023 699101
699572 699664
700020 700112
700363 700445
700552 700644
701140 701275
701715 701882
702069 702166
702369 702513
702685 702781
703155 703279
703615 703713
704170 704235
704472 704574
704711 704822
705288 705388
705704 705786
706173 706247
706664 706751
707180 707271
707422 707515
707913 708048
708515 708608
709019 709127
709317 709430
709731 709805
710154 710240
710710 710810
710988 711091
711165 711234
711447 711528
711946 712049
712317 712408
712826 712889
712948 713079
713266 713386
713761 713855
714204 714314
714699 714843
715025 715143
715307 715420
715440 715505
715675 715791
716201 716313
716699 716785
716897 716975
717258 717351
717548 717657
717893 718004
718010 718125
718188 718236
718500 718587
718666 718733
718857 718919
719342 719480
719609 719713
719923 720003
720165 720254
720495 720630
720741 720853
721227 721312
721428 721506
721776 721891
722184 722266
722683 722742
723024 723119
723154 723241
723332 723433
723892 723998
724328 724435
724660 724736
725186 725257
725398 725516
725523 725631
725763 725850
726270 726375
726824 726932
727335 727427
727478 727592
727915 728014
728353 728466
728736 728831
728842 728951
729010 729109
729369 729472
729763 729893
730198 730313
730720 730818
730911 731024
731445 731550
731592 731717
731987 732076
732137 732255
732711 732788
733222 733304
733724 733787
733970 734072
734531 734615
735002 735119
735161 735261
735268 735372
735428 735501
735584 735657
736041 736131
736513 736627
736647 736751
737030 737155
737523 737615
738046 738178
738580 738648
738990 739102
739569 739685
739975 740052
740238 740310
740403 740482
740687 740789
741123 741196
741267 741358
741592 741664
741911 742010
742212 742309
742540 742642
742807 742910
743096 743226
743247 743328
743732 743816
743897 744013
744372 744464
744704 744805
745290 745397
745651 745760
745879 746003
746265 746387
746468 746532
746882 746966
747068 747173
747564 747665
747684 747774
748268 748371
748598 748674
748780 748909
749168 749287
749552 749654
750082 750174
750427 750525
750854 750940
751399 751500
751663 751749
751764 751855
751894 752001
752120 752240
752250 752342
752457 752531
752611 752732
753089 753214
753658 753784
754027 754135
754177 754279
754443 754571
754572 754653
755072 755176
755501 755574
755822 755926
756130 756199
756654 756767
757202 757304
757316 757424
757504 757627
757961 758026
758319 758411
758452 758577
758715 758845
758976 759081
759513 759608
759987 760095
760251 760343
760681 760792
760849 760972
761176 761283
761494 761575
761627 761755
762071 762199
762378 762434
762527 762650
763015 763109
763524 763615
764061 764144
764531 764656
764810 764866
765021 765150
765378 765503
765878 765955
765958 766081
766192 766296
766486 766617
767088 767178
767359 767446
767734 767844
768150 768218
768529 768660
769158 769259
769619 769743
769873 770016
770335 770443
770743 770879
771007 771096
771545 771649
771956 772057
772504 772607
772693 772780
773232 773358
773412 773489
773852 773935
774362 774486
774596 774722
774777 774868
775206 775316
775809 775899
776197 776319
776357 776452
776727 776830
777324 777471
777568 777656
778120 778241
778351 778426
778518 778658
778804 778917
778984 779079
779530 779649
779999 780106
780426 780535
780742 780836
780996 781102
781482 781551
781555 781663
781773 781895
782379 782460
782878 782986
783028 783123
783598 783732
784204 784341
784564 784665
785070 785153
785521 785640
785671 785801
786265 786379
786860 786962
787384 787486
787720 787790
788009 788107
788505 788596
788798 788908
788939 789024
789257 789385
789716 789842
789920 789988
790449 790527
790826 790920
791346 791452
791597 791687
791761 791865
792042 792134
792416 792506
792853 792972
793127 793226
793691 793769
794104 794209
794606 794676
795063 795175
795539 795621
795866 795977
796335 796452
796935 797022
797032 797144
797373 797468
797948 798045
798195 798251
798333 798441
798688 798800
798932 799026
799181 799265
799366 799459
799665 799786
800121 800207
800268 800352
800358 800480
800515 800581
800697 800822
801159 801259
801557 801673
801857 801960
802325 802440
802901 802996
803452 803541
803905 803982
804174 804269
804544 804619
804977 805083
805480 805611
806074 806214
806659 806782
807033 807153
807338 807457
807843 807908
808328 808417
808775 808898
808942 809061
809400 809508
809843 809929
809979 810071
810539 810637
810787 810873
811278 811420
811859 811984
812232 812339
812818 812938
813429 813515
813669 813776
814156 814262
814427 814537
814730 814798
814932 815050
815299 815396
815725 815842
816024 816108
816269 816388
816795 816886
816931 817033
817510 817599
818037 818167
818582 818654
819144 819227
819630 819728
819985 820074
820515 820591
820686 820774
820882 820994
821086 821189
821375 821457
821876 821991
822038 822148
822553 822657
822802 822886
823287 823378
823807 823926
824204 824312
824335 824445
824776 824862
824998 825126
825320 825437
825448 825544
825885 825969
826075 826142
826186 826293
826427 826512
826963 827064
827083 827187
827304 827409
827885 827980
828074 828177
828540 828668
828840 828916
829347 829448
829708 829834
830196 830292
830348 830426
830546 830643
830813 830919
831051 831139
831389 831477
831507 831596
831747 831836
832071 832175
832565 832635
832814 832890
833073 833180
833236 833345
833822 833921
834313 834409
834444 834544
834692 834792
835168 835234
835312 835400
835723 835804
836198 836309
836512 836591
837088 837223
837684 837784
838284 838393
838697 838790
838964 839051
839106 839213
839656 839751
840195 840278
840747 840835
841107 841179
841608 841700
841948 842037
842414 842516
842641 842711
843203 843314
843596 843690
844113 844189
844506 844638
844904 844996
845475 845584
845727 845867
845930 845977
846412 846521
846921 847017
847219 847311
847793 847893
848122 848245
848742 848857
848987 849110
849444 849571
849895 849971
850318 850416
850879 851004
851089 851180
851195 851272
851625 851698
852033 852138
852620 852746
853111 853217
853402 853492
853675 853748
854064 854173
854291 854404
854889 854948
854989 855084
855311 855437
855710 855832
856198 856295
856551 856682
856845 856947
857314 857417
857854 857979
858453 858537
858621 858724
858743 858826
859221 859360
859763 859833
860009 860084
860143 860282
860362 860478
860730 860860
861100 861180
861253 861378
861870 861946
862015 862112
862537 862645
863122 863236
863735 863824
863840 863964
864269 864382
864809 864899
865287 865392
865405 865492
865722 865819
865877 865999
866052 866162
866514 866606
866954 867064
867073 867203
867350 867461
867741 867839
867901 868001
868251 868351
868817 868930
868960 869062
869362 869457
869639 869716
870010 870098
870459 870531
870898 870987
871356 871453
871635 871758
872232 872293
872496 872570
872947 873043
873473 873571
873658 873750
874186 874304
874307 874412
874654 874761
874997 875089
875320 875416
875419 875520
876016 876133
876315 876401
876542 876671
877033 877110
877261 877367
877553 877635
878107 878206
878680 878765
878940 879038
879409 879513
879831 879899
880342 880442
880504 880615
880807 880930
881147 881258
881472 881578
881865 882000
882037 882098
882444 882561
882619 882702
882988 883079
883306 883406
883426 883551
884040 884132
884322 884449
884856 884967
885294 885429
885753 885832
885988 886086
886177 886263
886331 886414
886549 886639
886938 887024
887111 887195
887648 887751
888235 888332
888493 888576
888961 889036
889506 889596
889647 889757
890000 890084
890164 890258
890542 890653
891082 891154
891307 891419
891858 891958
892318 892395
892684 892799
893013 893123
893299 893423
893517 893633
894006 894100
894178 894274
894313 894401
894664 894777
895263 895361
895584 895696
896010 896076
896515 896610
896749 896877
896978 897102
897105 897180
897203 897321
897773 897847
897973 898092
898251 898352
898832 898925
899390 899486
899906 900012
900309 900387
900732 900823
901047 901118
901612 901716
901929 902026
902361 902482
902677 902756
903140 903220
903302 903390
903526 903630
904046 904164
904505 904632
904756 904836
905276 905400
905680 905758
905920 906011
906473 906558
907034 907130
907322 907429
907607 907739
907774 907862
908069 908216
908395 908493
908753 908842
909301 909397
909663 909752
909843 909943
910112 910237
910470 910571
910914 911065
911536 911643
912083 912187
912547 912672
912898 912965
913456 913536
913863 913964
914449 914556
915003 915058
915173 915248
915711 915792
916216 916341
916564 916649
916920 916995
917233 917328
917805 917939
917949 918031
918278 918377
918512 918621
918870 918962
919440 919497
919900 920013
920082 920217
920373 920463
920914 921023
921147 921238
921442 921558
921645 921762
922158 922224
922280 922343
922604 922696
923111 923208
923598 923701
923789 923880
924255 924367
924462 924586
924676 924789
925248 925340
925714 925836
926124 926237
926279 926374
926378 926512
926728 926814
927273 927388
927826 927935
928369 928500
928849 928929
929397 929493
929845 929962
930197 930300
930369 930453
930626 930729
930980 931079
931233 931313
931540 931648
931728 931818
931983 932038
932428 932534
932764 932847
933185 933267
933506 933608
933717 933790
934230 934324
934665 934772
934864 935004
935186 935253
935558 935631
935985 936047
936393 936477
936867 936969
937209 937306
937677 937777
937801 937870
937943 938036
938228 938349
938718 938816
938898 939024
939089 939187
939579 939692
940172 940250
940260 940352
940551 940654
940927 941006
941263 941364
941521 941632
942074 942148
942245 942358
942571 942689
942827 942922
943070 943135
943556 943650
943854 943938
944033 944115
944461 944574
944647 944739
945063 945169
945631 945716
945957 946064
946490 946592
946832 946926
947210 947279
947448 947519
947525 947617
948016 948122
948175 948314
948407 948528
948682 948744
948911 949027
949431 949535
950035 950115
950394 950506
950583 950705
950894 951004
951278 951377
951427 951486
951644 951753
952188 952295
952544 952676
953077 953176
953402 953521
953993 954079
954224 954307
954417 954491
954806 954935
955338 955419
955867 955984
956011 956098
956493 956607
956647 956767
956973 957087
957218 957329
957346 957449
957839 957936
957990 958078
958493 958568
958807 958918
959176 959267
959439 959539
959612 959705
960019 960119
960350 960419
960512 960576
961025 961104
961399 961471
961604 961682
962021 962116
962599 962697
963113 963211
963637 963754
963917 964029
964363 964493
964736 964827
964876 964980
965387 965482
965825 965893
966017 966140
966257 966327
966604 966704
967026 967130
967622 967667
967729 967858
968326 968418
968582 968677
968720 968789
969159 969263
969298 969406
969618 969707
970116 970220
970221 970302
970304 970396
970606 970738
971030 971133
971459 971557
971953 972055
972183 972301
972348 972449
972499 972612
972826 972914
973088 973187
973198 973303
973475 973580
973603 973684
973970 974068
974527 974647
974674 974826
975293 975372
975439 975535
976014 976122
976410 976503
976603 976754
976969 977078
977097 977173
977253 977386
977856 977981
978138 978252
978320 978429
978619 978715
978933 979060
979210 979336
979529 979662
979795 979883
980226 980292
980470 980618
981089 981181
981480 981587
981756 981855
982000 982079
982177 982256
982657 982758
982876 982956
983322 983420
983595 983691
983717 983849
984081 984183
984647 984746
984926 985028
985465 985566
985871 985989
986253 986345
986479 986605
986671 986764
986778 986847
987107 987205
987658 987797
987864 987976
988119 988199
988533 988614
988659 988720
988890 988954
989402 989514
989692 989764
990040 990151
990399 990504
990839 990951
991145 991262
991475 991557
991808 991885
992142 992224
992455 992583
992946 993037
993152 993253
993554 993671
993939 994085
994311 994415
994800 994861
995031 995132
995593 995709
995792 995862
996296 996374
996424 996524
997010 997113
997569 997667
997746 997831
997910 998032
998142 998227
998412 998513
998694 998768
999100 999188
999311 999425
999464 999594
1000007 1000109
1000580 1000687
1001069 1001170
1001405 1001515
1002000 1002105
1002108 1002239
1002611 1002708
1002859 1002947
1003401 1003499
1003526 1003631
1004108 1004186
1004515 1004600
1004886 1004954
1005416 1005500
1005669 1005763
1005933 1006015
1006451 1006559
1006872 1006948
1007414 1007529
1007876 1007934
1008228 1008336
1008512 1008630
1008635 1008738
1009170 1009251
1009262 1009356
1009726 1009838
1010210 1010273
1010441 1010550
1010597 1010712
1011044 1011141
1011598 1011680
1011724 1011822
1012010 1012087
1012451 1012554
1012641 1012760
1013048 1013130
1013174 1013233
1013527 1013613
1013803 1013925
1014218 1014343
1014361 1014444
1014854 1014957
1015056 1015147
1015550 1015671
1015935 1016028
1016046 1016143
1016179 1016289
1016403 1016487
1016501 1016570
1016746 1016846
1016934 1017054
1017137 1017233
1017536 1017629
1018009 1018097
1018562 1018667
1018774 1018888
1019333 1019441
1019587 1019716
1019945 1020044
1020457 1020538
1020823 1020923
1021398 1021493
1021966 1022061
1022460 1022573
1022817 1022908
1023206 1023306
1023414 1023527
1024013 1024114
1024517 1024622
1024721 1024881
1024913 1024993
1025027 1025149
1025601 1025729
1025995 1026137
1026418 1026488
1026598 1026694
1027062 1027118
1027587 1027677
1027785 1027901
1028135 1028234
1028426 1028529
1028972 1029057
1029089 1029165
1029491 1029561
1029625 1029685
1029839 1029929
1030231 1030329
1030658 1030794
1030802 1030913
1031319 1031452
1031742 1031811
1032172 1032301
1032585 1032692
1032972 1033032
1033319 1033402
1033684 1033809
1034004 1034101
1034416 1034527
1034825 1034957
1035232 1035330
1035582 1035671
1035747 1035899
1036134 1036235
1036268 1036334
1036392 1036498
1036827 1036930
1037220 1037324
1037363 1037503
1037805 1037903
1037970 1038076
1038253 1038388
1038396 1038489
1038821 1038935
1039079 1039179
1039561 1039646
1039896 1040015
1040242 1040322
1040753 1040832
1040922 1041059
1041257 1041400
1041495 1041603
1041720 1041790
1041906 1042032
1042447 1042565
1042728 1042812
1043198 1043300
1043301 1043389
1043559 1043654
1044125 1044219
1044605 1044722
1045012 1045131
1045206 1045276
1045658 1045763
1045994 1046116
1046208 1046316
1046702 1046812
1047062 1047182
1047407 1047457
1047763 1047822
1048013 1048113
1048425 1048505
1048733 1048853
1049195 1049295
1049785 1049865
1049963 1050090
1050533 1050639
1051133 1051207
1051605 1051693
1051702 1051796
1051920 1052035
1052117 1052247
1052564 1052663
1052917 1052996
1053367 1053506
1053758 1053902
1054010 1054122
1054405 1054497
1054788 1054851
1054939 1055047
1055114 1055208
1055463 1055560
1055668 1055790
1055924 1056005
1056171 1056261
1056527 1056622
1056845 1056962
1057055 1057155
1057414 1057522
1057721 1057835
1057858 1057966
1058383 1058489
1058635 1058770
1059072 1059172
1059620 1059716
1059884 1060019
1060056 1060123
1060520 1060606
1061017 1061120
1061187 1061241
1061712 1061856
1062129 1062233
1062455 1062549
1062555 1062686
1062897 1063037
1063244 1063370
1063477 1063560
1063746 1063878
1064369 1064472
1064519 1064635
1064991 1065115
1065266 1065394
1065847 1065968
1066434 1066524
1066540 1066628
1066875 1066966
1067032 1067148
1067311 1067406
1067509 1067576
1067831 1067917
1068304 1068440
1068713 1068811
1069019 1069088
1069187 1069270
1069530 1069625
1069741 1069852
1070163 1070293
1070365 1070484
1070937 1071029
1071159 1071236
1071363 1071478
1071620 1071679
1071740 1071888
1071910 1072015
1072413 1072504
1072746 1072871
1073028 1073138
1073304 1073402
1073494 1073597
1073643 1073740
1073996 1074081
1074478 1074559
1074749 1074843
1074892 1074997
1075347 1075438
1075815 1075926
1076198 1076294
1076637 1076722
1076875 1076989
1077122 1077238
1077560 1077679
1078141 1078242
1078674 1078783
1078938 1079075
1079418 1079494
1079948 1080002
1080216 1080297
1080755 1080852
1081174 1081292
1081373 1081510
1081513 1081629
1081693 1081807
1082204 1082295
1082742 1082818
1083232 1083328
1083358 1083453
1083555 1083634
1083748 1083863
1083996 1084085
1084298 1084373
1084383 1084468
1084836 1084912
1084953 1085042
1085054 1085146
1085364 1085464
1085694 1085816
1086050 1086114
1086487 1086599
1087039 1087119
1087558 1087646
1087983 1088102
1088281 1088397
1088455 1088548
1088759 1088848
1089274 1089367
1089810 1089894
1090393 1090493
1090526 1090594
1091065 1091178
1091590 1091673
1091964 1092071
1092510 1092608
1092679 1092759
1093195 1093288
1093776 1093910
1094016 1094127
1094146 1094240
1094661 1094795
1095280 1095438
1095721 1095806
1095931 1096025
1096067 1096153
1096338 1096439
1096460 1096535
1097031 1097126
1097205 1097297
1097361 1097433
1097812 1097872
1098258 1098370
1098673 1098758
1099029 1099106
1099167 1099275
1099722 1099797
1099994 1100131
1100330 1100404
1100733 1100855
1100862 1100938
1100972 1101067
1101461 1101547
1101738 1101840
1102068 1102191
1102301 1102390
1102454 1102586
1102817 1102980
1103081 1103178
1103668 1103786
1103965 1104062
1104546 1104645
1104665 1104781
1105140 1105232
1105592 1105678
1105718 1105817
1106289 1106400
1106401 1106470
1106626 1106735
1106892 1106979
1107429 1107489
1107744 1107808
1108138 1108206
1108450 1108545
1108546 1108653
1108993 1109093
1109519 1109617
1110027 1110128
1110561 1110665
1111039 1111177
1111397 1111525
1111528 1111569
1112002 1112086
1112091 1112202
1112351 1112441
1112682 1112780
1112996 1113103
1113247 1113369
1113714 1113798
1113908 1113988
1114168 1114255
1114284 1114404
1114866 1114972
1115072 1115183
1115262 1115379
1115580 1115684
1115838 1115907
1116399 1116529
1116873 1116988
1117293 1117394
1117756 1117828
1118067 1118182
1118594 1118685
1118989 1119097
1119333 1119452
1119623 1119733
1119887 1119940
1120289 1120366
1120523 1120662
1120665 1120760
1120939 1121037
1121111 1121214
1121511 1121650
1121834 1121961
1122317 1122406
1122717 1122784
1122933 1123025
1123383 1123496
1123775 1123875
1124355 1124454
1124606 1124712
1124873 1124954
1125097 1125206
1125687 1125797
1126294 1126422
1126780 1126909
1127171 1127257
1127384 1127509
1127950 1128086
1128358 1128461
1128742 1128858
1129095 1129195
1129335 1129435
1129490 1129559
1129754 1129865
1130174 1130274
1130726 1130834
1131033 1131131
1131553 1131681
1132105 1132180
1132522 1132661
1132715 1132807
1132868 1132970
1133465 1133526
1133916 1134009
1134042 1134136
1134175 1134279
1134540 1134639
1134900 1134992
1135049 1135121
1135536 1135623
1135811 1135968
1136236 1136310
1136750 1136838
1137175 1137288
1137744 1137832
1137952 1138033
1138341 1138441
1138471 1138570
1138614 1138696
1139161 1139252
1139584 1139665
1139910 1139973
1140240 1140352
1140809 1140889
1141291 1141398
1141462 1141534
1141791 1141898
1142261 1142359
1142565 1142671
1142673 1142793
1142943 1143079
1143510 1143629
1143719 1143807
1144155 1144278
1144717 1144807
1145067 1145170
1145488 1145565
1145777 1145845
1146016 1146092
1146281 1146359
1146775 1146865
1147268 1147368
1147415 1147518
1148006 1148102
1148162 1148253
1148258 1148342
1148623 1148728
1149054 1149166
1149195 1149317
1149677 1149737
1149849 1149951
1150126 1150203
1150670 1150791
1151075 1151157
1151523 1151635
1151652 1151765
1151967 1152087
1152172 1152262
1152502 1152600
1152905 1152998
1153025 1153144
1153438 1153536
1153580 1153639
1153750 1153835
1153972 1154051
1154543 1154611
1154747 1154858
1155278 1155369
1155601 1155700
1156052 1156163
1156322 1156446
1156700 1156823
1157076 1157171
1157556 1157638
1157958 1158048
1158153 1158231
1158467 1158590
1158904 1158996
1159490 1159586
1160046 1160142
1160367 1160431
1160683 1160812
1160945 1161036
1161237 1161339
1161654 1161760
1162074 1162162
1162441 1162500
1162980 1163075
1163305 1163403
1163510 1163604
1163852 1163952
1164194 1164307
1164431 1164532
1164942 1165093
1165511 1165589
1165684 1165834
1166111 1166187
1166618 1166708
1167030 1167149
1167523 1167643
1167650 1167717
1168173 1168264
1168364 1168441
1168508 1168614
1168784 1168860
1169220 1169311
1169591 1169714
1170097 1170195
1170398 1170511
1170956 1171040
1171497 1171576
1171637 1171740
1172040 1172144
1172221 1172298
1172605 1172722
1173059 1173142
1173642 1173768
1174159 1174285
1174307 1174411
1174649 1174780
1175042 1175152
1175512 1175629
1175958 1176058
1176406 1176517
1176784 1176875
1176969 1177088
1177234 1177347
1177707 1177797
1178011 1178064
1178414 1178500
1178812 1178920
1179267 1179324
1179367 1179455
1179851 1179977
1180094 1180203
1180239 1180361
1180436 1180541
1180719 1180822
1181285 1181405
1181833 1181933
1182240 1182325
1182349 1182450
1182456 1182527
1182717 1182831
1182892 1182958
1183225 1183343
1183620 1183713
1184074 1184171
1184547 1184651
1185046 1185131
1185167 1185264
1185593 1185735
1185898 1185980
1186429 1186539
1186883 1186970
1187124 1187204
1187325 1187402
1187609 1187740
1188072 1188178
1188517 1188604
1189046 1189150
1189484 1189550
1189707 1189840
1190224 1190327
1190416 1190501
1190920 1191024
1191228 1191323
1191559 1191673
1192156 1192264
1192531 1192638
1192704 1192768
1192847 1192936
1193081 1193149
1193587 1193686
1194075 1194182
1194386 1194503
1194560 1194668
1194828 1194899
1195342 1195480
1195804 1195903
1196064 1196191
1196674 1196763
1196869 1196984
1197181 1197285
1197452 1197542
1197891 1198013
1198239 1198341
1198651 1198732
1198999 1199082
1199359 1199482
1199748 1199851
1200159 1200285
1200362 1200444
1200888 1200963
1201377 1201443
1201855 1201953
1202255 1202330
1202381 1202469
1202560 1202675
1203110 1203197
1203608 1203700
1203740 1203823
1203861 1203939
1204208 1204304
1204698 1204800
1205294 1205386
1205425 1205526
1205768 1205825
1206128 1206202
1206415 1206523
1206953 1207046
1207330 1207455
1207504 1207589
1207688 1207783
1207791 1207888
1207918 1207986
1208220 1208342
1208484 1208544
1208933 1209042
1209393 1209485
1209749 1209862
1210295 1210397
1210549 1210633
1210893 1210998
1211438 1211534
1211883 1211958
1212203 1212342
1212543 1212612
1213031 1213167
1213342 1213448
1213516 1213613
1213801 1213896
1213902 1213982
1214311 1214373
1214551 1214654
1214857 1214932
1215235 1215342
1215454 1215540
1215650 1215752
1215785 1215891
1216079 1216196
1216517 1216633
1216880 1216946
1217124 1217217
1217683 1217789
1218276 1218336
1218515 1218600
1218833 1218961
1219135 1219231
1219260 1219376
1219693 1219780
1220195 1220292
1220788 1220930
1221263 1221348
1221432 1221528
1221920 1222044
1222349 1222465
1222567 1222665
1222952 1223001
1223167 1223230
1223535 1223651
1223727 1223827
1224200 1224274
1224693 1224822
1225017 1225121
1225607 1225680
1225719 1225841
1226073 1226187
1226664 1226747
1226805 1226899
1227050 1227125
1227507 1227628
1228073 1228182
1228305 1228431
1228497 1228593
1228685 1228809
1228854 1228939
1229235 1229317
1229632 1229777
1229834 1229967
1230306 1230403
1230881 1230977
1231055 1231130
1231354 1231486
1231621 1231727
1232056 1232138
1232606 1232735
1232998 1233099
1233300 1233389
1233693 1233796
1234160 1234266
1234718 1234803
1235033 1235111
1235449 1235547
1236012 1236146
1236521 1236630
1236791 1236899
1237107 1237195
1237262 1237365
1237381 1237468
1237489 1237568
1237722 1237842
1238126 1238206
1238652 1238778
1239117 1239226
1239713 1239817
1239885 1239985
1240104 1240203
1240367 1240457
1240533 1240625
1240915 1241003
1241352 1241440
1241864 1241950
1242234 1242336
1242442 1242537
1242927 1243041
1243226 1243320
1243436 1243582
1243712 1243829
1243939 1244012
1244311 1244428
1244587 1244703
1245132 1245234
1245496 1245598
1245998 1246073
1246422 1246506
1246602 1246700
1247098 1247240
1247563 1247654
1247686 1247798
1248070 1248174
1248286 1248372
1248637 1248735
1248987 1249075
1249289 1249369
1249861 1249957
1250358 1250473
1250557 1250650
1250707 1250796
1251044 1251173
1251346 1251463
1251852 1251967
1252197 1252286
1252464 1252560
1252898 1252972
1253170 1253263
1253567 1253672
1253722 1253848
1253922 1254018
1254042 1254128
1254240 1254328
1254340 1254425
1254504 1254582
1254761 1254864
1254964 1255085
1255426 1255522
1255736 1255843
1256270 1256366
1256606 1256679
1256719 1256819
1256966 1257051
1257517 1257628
1258007 1258114
1258331 1258423
1258725 1258814
1258882 1258996
1259260 1259369
1259584 1259675
1260004 1260093
1260154 1260288
1260341 1260430
1260724 1260810
1260990 1261068
1261335 1261398
1261692 1261805
1262098 1262201
1262299 1262394
1262887 1262985
1263002 1263102
1263184 1263312
1263805 1263909
1264397 1264498
1264575 1264693
1264757 1264833
1265106 1265211
1265459 1265521
1265696 1265771
1266203 1266328
1266614 1266728
1267009 1267093
1267179 1267290
1267404 1267485
1267950 1268040
1268225 1268319
1268566 1268684
1268892 1269024
1269135 1269224
1269304 1269407
1269414 1269494
1269936 1270020
1270218 1270310
1270488 1270576
1270758 1270881
1271092 1271151
1271270 1271371
1271431 1271547
1272015 1272095
1272098 1272171
1272212 1272294
1272657 1272721
1273208 1273342
1273833 1273954
1274260 1274342
1274394 1274496
1274786 1274885
1275081 1275146
1275223 1275325
1275465 1275580
1275670 1275769
1276242 1276357
1276543 1276660
1277040 1277152
1277165 1277224
1277355 1277463
1277659 1277771
1277808 1277899
1278098 1278190
1278552 1278642
1278670 1278723
1279138 1279212
1279235 1279342
1279441 1279551
1279946 1280063
1280401 1280499
1280859 1280949
1281114 1281230
1281459 1281552
1281951 1282071
1282404 1282513
1282760 1282841
1283226 1283340
1283454 1283577
1283814 1283899
1284381 1284495
1284749 1284853
1284966 1285077
1285079 1285218
1285605 1285706
1285776 1285916
1285940 1286044
1286509 1286597
1287004 1287100
1287430 1287516
1287751 1287834
1287888 1287981
1288232 1288306
1288402 1288511
1288654 1288751
1288965 1289066
1289431 1289526
1289961 1290074
1290385 1290499
1290590 1290698
1291025 1291127
1291430 1291541
1291626 1291735
1291807 1291886
1292271 1292328
1292734 1292854
1293004 1293090
1293366 1293496
1293745 1293870
1294219 1294340
1294668 1294761
1295235 1295348
1295452 1295574
1295676 1295804
1296110 1296225
1296403 1296495
1296960 1297055
1297246 1297362
1297381 1297477
1297873 1297999
1298281 1298389
1298769 1298868
1299265 1299330
1299401 1299505
1299670 1299776
1300250 1300346
1300577 1300722
1301011 1301112
1301463 1301576
1301839 1301952
1302158 1302255
1302582 1302674
1302693 1302781
1303091 1303193
1303337 1303422
1303873 1303965
1304220 1304292
1304523 1304649
1304806 1304888
1304996 1305100
1305486 1305594
1305691 1305769
1305987 1306055
1306455 1306593
1306684 1306781
1307141 1307252
1307337 1307442
1307447 1307541
1307646 1307732
1308178 1308263
1308754 1308879
1309264 1309383
1309754 1309874
1310265 1310327
1310745 1310839
1310996 1311088
1311148 1311262
1311752 1311870
1312334 1312448
1312629 1312725
1313069 1313168
1313585 1313673
1313977 1314085
1314217 1314312
1314749 1314850
1315144 1315256
1315260 1315392
1315808 1315909
1316087 1316184
1316603 1316694
1316889 1316979
1317403 1317490
1317845 1317912
1318289 1318392
1318607 1318708
1318746 1318872
1319179 1319282
1319648 1319757
1319964 1320082
1320218 1320282
1320498 1320594
1320876 1320979
1321069 1321165
1321189 1321303
1321796 1321856
1322237 1322366
1322854 1322935
1323100 1323197
1323301 1323402
1323876 1323986
1324437 1324556
1324645 1324752
1324996 1325087
1325322 1325419
1325570 1325663
1326073 1326180
1326680 1326790
1327109 1327201
1327241 1327334
1327420 1327567
1327988 1328083
1328352 1328449
1328947 1329036
1329361 1329451
1329795 1329906
1330091 1330174
1330315 1330434
1330782 1330873
1331327 1331434
1331512 1331601
1332050 1332143
1332174 1332242
1332658 1332744
1333011 1333092
1333410 1333522
1333855 1333959
1334011 1334079
1334396 1334496
1334923 1335011
1335298 1335384
1335718 1335795
1335972 1336051
1336081 1336183
1336575 1336639
1336681 1336775
1336920 1337011
1337028 1337144
1337154 1337255
1337398 1337463
1337730 1337818
1338030 1338114
1338565 1338682
1338886 1338982
1339122 1339220
1339363 1339462
1339893 1340001
1340331 1340429
1340856 1340936
1340951 1341064
1341353 1341435
1341550 1341657
1341854 1341941
1341946 1342060
1342526 1342650
1343142 1343250
1343460 1343545
1343764 1343869
1343928 1344038
1344512 1344613
1345102 1345212
1345289 1345397
1345607 1345709
1346086 1346205
1346291 1346414
1346854 1346927
1347127 1347199
1347286 1347401
1347566 1347671
1347860 1347966
1348094 1348193
1348397 1348484
1348975 1349102
1349452 1349553
1349641 1349762
1350120 1350232
1350441 1350563
1351027 1351136
1351181 1351258
1351380 1351489
1351845 1351951
1352310 1352377
1352583 1352696
1352907 1352965
1352988 1353074
1353385 1353485
1353944 1354062
1354551 1354667
1354933 1355075
1355243 1355344
1355824 1355934
1356054 1356158
1356575 1356653
1356675 1356761
1356960 1357072
1357201 1357306
1357676 1357771
1357779 1357861
1358042 1358159
1358531 1358610
1358923 1359036
1359517 1359666
1359760 1359855
1360189 1360306
1360729 1360824
1361107 1361228
1361630 1361726
1361762 1361803
1361817 1361882
1361895 1362002
1362165 1362223
1362616 1362726
1363099 1363207
1363267 1363368
1363666 1363741
1363765 1363845
1364177 1364287
1364406 1364510
1364817 1364926
1365066 1365156
1365583 1365714
1366110 1366199
1366677 1366766
1367032 1367125
1367442 1367542
1367808 1367877
1367992 1368083
1368525 1368657
1369095 1369185
1369654 1369746
1370075 1370159
1370235 1370360
1370810 1370936
1371156 1371260
1371656 1371788
1372195 1372294
1372337 1372450
1372787 1372850
1372885 1372988
1373213 1373328
1373761 1373878
1373957 1374028
1374368 1374488
1374505 1374609
1374992 1375120
1375230 1375340
1375771 1375844
1375989 1376052
1376231 1376291
1376508 1376630
1376835 1376947
1377269 1377404
1377864 1377961
1378221 1378322
1378475 1378553
1378769 1378864
1379204 1379297
1379453 1379543
1379932 1380041
1380338 1380446
1380542 1380641
1380819 1380898
1381227 1381332
1381489 1381582
1381957 1382046
1382066 1382163
1382565 1382666
1383053 1383128
1383291 1383401
1383578 1383685
1383961 1384000
1384253 1384382
1384777 1384853
1385117 1385209
1385698 1385830
1385937 1386012
1386327 1386436
1386904 1387039
1387091 1387239
1387718 1387836
1388122 1388224
1388547 1388641
1388893 1388982
1389439 1389528
1389968 1390060
1390067 1390180
1390629 1390725
1391158 1391252
1391494 1391590
1391754 1391839
1392065 1392175
1392354 1392477
1392833 1392917
1393088 1393188
1393239 1393348
1393720 1393812
1394201 1394324
1394768 1394843
1394962 1395018
1395106 1395221
1395332 1395437
1395803 1395901
1396098 1396219
1396474 1396585
1396971 1397049
1397184 1397288
1397524 1397625
1398082 1398156
1398573 1398666
1398962 1399072
1399552 1399655
1400091 1400184
1400525 1400669
1401013 1401129
1401149 1401226
1401683 1401754
1401818 1401942
1402142 1402243
1402658 1402773
1402986 1403091
1403207 1403301
1403413 1403532
1403908 1403971
1404139 1404219
1404656 1404711
1405115 1405245
1405258 1405350
1405677 1405771
1406053 1406139
1406436 1406467
1406786 1406896
1407236 1407334
1407632 1407741
1407975 1408060
1408376 1408477
1408691 1408793
1409243 1409338
1409451 1409586
1410007 1410102
1410583 1410668
1410820 1410878
1411216 1411267
1411632 1411759
1411945 1412072
1412332 1412411
1412856 1412963
1413080 1413192
1413336 1413442
1413840 1413917
1414295 1414401
1414492 1414573
1414689 1414794
1414883 1414998
1415163 1415254
1415522 1415624
1416073 1416162
1416547 1416650
1416762 1416840
1416924 1416991
1417137 1417233
1417502 1417600
1417890 1418010
1418069 1418158
1418224 1418377
1418453 1418577
1419074 1419188
1419321 1419447
1419646 1419736
1420062 1420115
1420491 1420582
1420615 1420694
1420993 1421115
1421582 1421724
1422057 1422151
1422198 1422287
1422437 1422576
1422730 1422873
1422950 1423035
1423239 1423338
1423754 1423857
1424042 1424170
1424327 1424407
1424665 1424818
1425092 1425228
1425715 1425774
1426209 1426278
1426654 1426758
1427031 1427132
1427573 1427648
1427693 1427811
1427963 1428050
1428187 1428287
1428549 1428665
1428696 1428780
1429037 1429127
1429435 1429477
1429665 1429784
1429880 1429965
1430463 1430559
1430814 1430905
1431079 1431189
1431653 1431743
1431789 1431913
1432016 1432113
1432404 1432507
1432645 1432779
1432862 1432976
1433107 1433228
1433461 1433545
1433902 1433963
1434104 1434205
1434491 1434620
1435092 1435162
1435173 1435274
1435643 1435718
1436082 1436186
1436615 1436717
1437031 1437115
1437281 1437378
1437871 1437954
1438110 1438197
1438434 1438531
1439021 1439146
1439490 1439603
1439740 1439860
1440058 1440171
1440384 1440465
1440624 1440776
1441052 1441095
1441121 1441238
1441412 1441497
1441859 1441945
1442416 1442521
1442981 1443070
1443508 1443622
1443733 1443822
1444157 1444262
1444607 1444712
1445045 1445146
1445299 1445387
1445844 1445889
1446132 1446245
1446502 1446599
1446800 1446907
1447060 1447182
1447567 1447680
1447824 1447941
1448116 1448216
1448674 1448758
1448917 1449026
1449182 1449285
1449388 1449512
1449652 1449714
1449997 1450096
1450162 1450271
1450326 1450392
1450609 1450706
1450826 1450971
1451416 1451512
1451853 1451960
1452424 1452536
1452618 1452703
1452704 1452823
1452998 1453110
1453190 1453277
1453407 1453454
1453758 1453869
1454322 1454438
1454621 1454725
1455148 1455229
1455535 1455620
1455906 1455967
1456013 1456128
1456562 1456663
1457105 1457226
1457309 1457422
1457629 1457717
1457755 1457835
1457994 1458071
1458119 1458236
1458327 1458450
1458588 1458698
1458870 1458959
1459302 1459373
1459412 1459523
1459679 1459788
1459901 1459971
1460418 1460530
1460728 1460814
1460825 1460966
1461315 1461405
1461874 1461925
1462229 1462304
1462337 1462441
1462469 1462601
1462667 1462783
1463171 1463276
1463562 1463664
1464041 1464186
1464296 1464412
1464611 1464707
1464843 1464988
1465370 1465481
1465678 1465794
1465868 1465979
1466242 1466343
1466733 1466826
1467004 1467116
1467528 1467628
1467857 1467964
1468392 1468460
1468701 1468812
1468978 1469080
1469173 1469264
1469692 1469804
1470156 1470288
1470311 1470405
1470494 1470599
1471065 1471163
1471378 1471469
1471911 1472031
1472080 1472190
1472208 1472306
1472655 1472777
1472969 1473082
1473487 1473574
1473844 1473936
1474319 1474420
1474596 1474710
1474885 1474955
1475404 1475502
1475980 1476105
1476321 1476430
1476574 1476681
1476982 1477058
1477281 1477381
1477744 1477837
1478204 1478263
1478624 1478719
1479172 1479277
1479723 1479817
1479950 1480049
1480510 1480615
1480846 1480924
1481113 1481195
1481205 1481286
1481772 1481862
1482321 1482388
1482589 1482687
1482879 1482994
1483095 1483179
1483510 1483614
1483968 1484068
1484318 1484386
1484707 1484776
1484997 1485095
1485235 1485327
1485621 1485702
1485997 1486043
1486543 1486619
1487107 1487191
1487390 1487482
1487937 1488005
1488381 1488478
1488614 1488711
1489070 1489208
1489363 1489447
1489834 1489952
1490230 1490338
1490508 1490606
1490643 1490715
1491035 1491151
1491256 1491359
1491536 1491615
1491782 1491892
1492111 1492238
1492436 1492531
1492541 1492639
1493111 1493193
1493368 1493476
1493518 1493631
1493893 1493971
1494159 1494266
1494354 1494470
1494851 1494913
1494970 1495076
1495543 1495640
1496056 1496154
1496516 1496619
1496797 1496878
1496920 1497002
1497013 1497115
1497364 1497467
1497647 1497745
1498012 1498147
1498567 1498676
1498974 1499065
1499137 1499233
1499287 1499354
1499377 1499476
1499539 1499638
1499668 1499785
1500284 1500367
1500670 1500751
1500980 1501065
1501436 1501512
1501644 1501768
1502226 1502323
1502688 1502813
1503056 1503156
1503174 1503301
1503339 1503440
1503776 1503873
1504226 1504323
1504701 1504798
1505233 1505318
1505704 1505807
1506160 1506220
1506662 1506739
1506991 1507069
1507267 1507374
1507602 1507714
1508065 1508137
1508604 1508663
1508822 1508901
1509067 1509177
1509470 1509603
1509630 1509678
1510001 1510098
1510482 1510567
1510614 1510707
1511085 1511185
1511398 1511511
1511864 1511967
1511980 1512077
1512269 1512389
1512672 1512741
1512962 1513074
1513100 1513223
1513676 1513788
1513950 1514081
1514568 1514643
1515122 1515250
1515264 1515352
1515812 1515917
1516022 1516128
1516555 1516663
1517032 1517166
1517544 1517663
1517819 1517928
1518118 1518212
1518574 1518664
1519077 1519166
1519230 1519347
1519711 1519814
1519882 1519973
1520406 1520488
1520890 1521000
1521380 1521483
1521910 1522013
1522331 1522450
1522519 1522620
1522790 1522863
1523216 1523348
1523776 1523874
1523967 1524038
1524501 1524619
1524805 1524882
1524990 1525077
1525280 1525382
1525772 1525871
1525895 1525985
1526329 1526398
1526611 1526726
1526978 1527066
1527104 1527203
1527256 1527365
1527413 1527497
1527838 1527935
1528385 1528450
1528724 1528817
1529091 1529176
1529395 1529493
1529574 1529676
1529924 1529999
1530062 1530146
1530448 1530519
1530671 1530768
1531101 1531196
1531626 1531721
1531963 1532048
1532369 1532447
1532533 1532614
1533074 1533172
1533446 1533563
1533955 1534074
1534083 1534182
1534332 1534432
1534716 1534788
1535244 1535354
1535518 1535605
1535944 1536069
1536128 1536270
1536708 1536815
1536954 1537033
1537132 1537246
1537431 1537535
1537790 1537911
1537950 1538048
1538303 1538422
1538844 1538912
1538998 1539095
1539552 1539661
1539693 1539818
1539884 1539986
1540363 1540459
1540740 1540862
1540949 1541034
1541177 1541294
1541784 1541863
1541914 1542024
1542236 1542357
1542405 1542500
1542744 1542874
1543275 1543356
1543455 1543537
1543593 1543703
1543755 1543870
1543998 1544089
1544102 1544189
1544226 1544375
1544845 1544956
1545277 1545406
1545485 1545567
1546012 1546073
1546225 1546330
1546475 1546582
1546790 1546900
1547152 1547256
1547566 1547679
1547861 1548005
1548055 1548128
1548489 1548555
1548608 1548690
1548772 1548904
1548959 1549052
1549454 1549529
1549752 1549859
1550177 1550280
1550505 1550600
1550850 1550960
1551440 1551547
1551783 1551894
1551949 1552072
1552322 1552399
1552465 1552575
1553015 1553107
1553361 1553467
1553476 1553606
1553994 1554112
1554121 1554211
1554267 1554390
1554843 1554966
1555045 1555090
1555156 1555283
1555312 1555396
1555751 1555856
1556071 1556149
1556631 1556714
1556881 1556992
1557084 1557189
1557438 1557582
1557852 1557946
1558278 1558392
1558852 1558967
1559395 1559500
1559727 1559851
1560262 1560364
1560407 1560501
1560672 1560776
1560836 1560905
1561128 1561245
1561514 1561623
1562049 1562149
1562538 1562636
1562664 1562731
1562902 1562984
1563056 1563128
1563484 1563585
1563820 1563917
1564405 1564532
1564582 1564647
1565008 1565115
1565334 1565422
1565560 1565653
1565892 1566021
1566141 1566176
1566516 1566648
1566731 1566848
1566884 1566968
1567172 1567246
1567649 1567774
1567967 1568070
1568171 1568253
1568637 1568739
1569024 1569128
1569200 1569310
1569359 1569433
1569526 1569602
1569666 1569754
1570253 1570340
1570785 1570870
1571172 1571294
1571793 1571901
1572344 1572457
1572661 1572765
1573005 1573102
1573413 1573521
1573947 1574040
1574071 1574168
1574428 1574524
1574798 1574879
1575176 1575290
1575419 1575483
1575905 1576012
1576443 1576550
1577033 1577140
1577430 1577548
1577947 1578042
1578390 1578481
1578642 1578744
1579030 1579154
1579294 1579410
1579575 1579695
1580030 1580143
1580536 1580662
1581142 1581223
1581576 1581686
1581861 1581941
1582352 1582453
1582515 1582626
1582897 1582958
1582973 1583073
1583165 1583243
1583569 1583649
1583823 1583938
1584379 1584477
1584730 1584828
1584881 1584995
1585066 1585157
1585564 1585641
1585700 1585785
1586019 1586094
1586388 1586508
1586918 1586983
1587388 1587487
1587853 1587947
1588197 1588315
1588381 1588497
1588569 1588676
1588750 1588831
1589154 1589243
1589704 1589824
1590063 1590149
1590504 1590612
1590688 1590770
1591167 1591286
1591341 1591431
1591476 1591586
1592058 1592121
1592408 1592519
1592590 1592699
1593060 1593148
1593544 1593625
1594109 1594198
1594252 1594332
1594368 1594463
1594590 1594663
1594773 1594885
1595112 1595241
1595574 1595696
1596134 1596218
1596237 1596372
1596733 1596826
1597112 1597196
1597227 1597346
1597526 1597624
1597855 1597953
1598242 1598347
1598395 1598489
1598748 1598823
1599032 1599129
1599222 1599326
1599644 1599721
1599737 1599841
1599990 1600050
1600420 1600533
1601001 1601112
1601273 1601363
1601548 1601631
1601859 1601976
1602414 1602528
1602735 1602875
1603247 1603378
1603646 1603758
1604112 1604199
1604241 1604317
1604677 1604753
1604762 1604890
1605345 1605476
1605711 1605782
1605793 1605890
1606358 1606497
1606965 1607047
1607321 1607436
1607783 1607877
1608377 1608452
1608570 1608651
1608836 1608946
1609183 1609311
1609796 1609879
1609921 1610025
1610266 1610347
1610602 1610689
1611107 1611211
1611335 1611409
1611440 1611518
1611983 1612065
1612121 1612227
1612622 1612730
1612926 1612999
1613453 1613578
1613732 1613821
1613877 1614026
1614083 1614150
1614544 1614661
1614920 1615027
1615499 1615630
1615925 1616047
1616485 1616547
1616916 1617017
1617175 1617299
1617589 1617675
1617857 1617956
1618410 1618540
1618939 1619049
1619081 1619179
1619561 1619677
1619705 1619776
1619953 1620047
1620139 1620239
1620333 1620408
1620491 1620593
1620821 1620935
1621209 1621282
1621752 1621844
1621965 1622070
1622520 1622633
1622934 1623078
1623150 1623263
1623559 1623626
1624104 1624192
1624578 1624661
1625161 1625254
1625444 1625539
1625799 1625897
1626143 1626229
1626487 1626555
1626569 1626688
1627133 1627264
1627645 1627743
1628054 1628131
1628489 1628551
1628825 1628934
1629308 1629398
1629875 1629951
1629999 1630090
1630552 1630660
1630891 1630959
1631259 1631351
1631834 1631974
1632260 1632331
1632358 1632467
1632650 1632756
1633087 1633234
1633412 1633489
1633880 1633993
1634040 1634127
1634409 1634481
1634557 1634654
1634946 1635014
1635114 1635191
1635462 1635545
1635614 1635702
1636054 1636160
1636219 1636321
1636581 1636679
1637086 1637172
1637209 1637322
1637341 1637442
1637672 1637807
1638296 1638398
1638834 1638918
1639359 1639469
1639581 1639684
1640000 1640099
1640531 1640633
1641036 1641142
1641461 1641586
1642002 1642123
1642555 1642643
1642756 1642873
1643038 1643158
1643397 1643494
1643765 1643878
1644029 1644103
1644182 1644298
1644492 1644606
1644798 1644908
1645005 1645140
1645479 1645557
1645866 1645957
1646336 1646448
1646699 1646780
1646898 1646973
1647405 1647513
1647520 1647616
1647888 1648016
1648302 1648415
1648416 1648516
1648687 1648780
1648988 1649107
1649271 1649363
1649806 1649877
1650249 1650361
1650414 1650503
1650960 1651063
1651534 1651641
1651853 1651937
1652266 1652360
1652616 1652757
1652797 1652937
1653385 1653455
1653460 1653555
1653641 1653744
1653792 1653926
1653992 1654122
1654601 1654743
1655106 1655217
1655358 1655447
1655800 1655892
1656297 1656437
1656807 1656896
1657073 1657195
1657204 1657301
1657320 1657354
1657819 1657912
1658238 1658332
1658795 1658935
1659248 1659332
1659343 1659427
1659909 1659995
1660013 1660130
1660487 1660590
1661026 1661103
1661352 1661479
1661974 1662056
1662425 1662554
1662567 1662663
1663004 1663112
1663169 1663267
1663565 1663666
1664062 1664157
1664364 1664462
1664650 1664743
1664919 1665019
1665144 1665243
1665364 1665450
1665574 1665697
1665721 1665818
1665867 1665973
1666334 1666437
1666441 1666515
1666935 1667065
1667551 1667649
1667782 1667901
1668120 1668240
1668340 1668421
1668554 1668665
1668983 1669058
1669462 1669571
1669679 1669796
1669835 1669954
1670405 1670507
1670934 1671056
1671445 1671529
1671897 1671971
1672358 1672466
1672504 1672613
1672736 1672813
1673211 1673283
1673564 1673655
1674058 1674166
1674567 1674690
1674755 1674841
1674994 1675104
1675122 1675231
1675234 1675357
1675806 1675892
1676031 1676127
1676536 1676649
1676837 1676916
1677153 1677222
1677616 1677677
1678045 1678118
1678554 1678671
1679126 1679256
1679475 1679606
1679921 1680010
1680312 1680408
1680765 1680837
1680952 1681018
1681057 1681152
1681493 1681609
1681638 1681728
1681954 1682043
1682220 1682324
1682566 1682649
1682872 1682955
1683190 1683315
1683487 1683584
1683711 1683813
1684238 1684291
1684431 1684503
1684634 1684774
1685149 1685216
1685220 1685310
1685477 1685592
1685991 1686112
1686596 1686688
1686723 1686819
1687191 1687293
1687504 1687626
1687848 1687939
1688190 1688279
1688730 1688863
1689170 1689259
1689665 1689763
1690260 1690342
1690368 1690463
1690874 1690973
1691409 1691509
1691681 1691787
1691810 1691925
1692179 1692287
1692640 1692739
1692916 1693051
1693095 1693212
1693609 1693670
1694087 1694200
1694288 1694377
1694448 1694540
1694998 1695118
1695375 1695458
1695495 1695572
1695800 1695913
1695949 1696054
1696180 1696240
1696593 1696682
1697086 1697176
1697247 1697388
1697522 1697604
1697684 1697777
1697782 1697908
1697996 1698127
1698304 1698373
1698690 1698802
1698839 1698946
1699377 1699498
1699880 1700009
1700265 1700345
1700694 1700788
1701050 1701123
1701386 1701476
1701570 1701657
1701951 1702049
1702112 1702182
1702608 1702716
1702742 1702827
1702919 1703026
1703146 1703265
1703430 1703519
1703849 1703981
1704042 1704155
1704647 1704749
1704976 1705056
1705339 1705414
1705440 1705539
1705766 1705847
1706216 1706371
1706662 1706784
1707160 1707261
1707549 1707622
1707995 1708107
1708128 1708235
1708493 1708616
1708625 1708700
1708782 1708892
1709114 1709207
1709623 1709716
1709789 1709864
1710189 1710280
1710711 1710830
1711058 1711158
1711354 1711490
1711715 1711855
1712044 1712150
1712254 1712367
1712509 1712624
1712808 1712941
1713328 1713402
1713639 1713724
1713834 1713936
1714187 1714267
1714394 1714520
1714892 1715017
1715134 1715219
1715474 1715595
1715815 1715940
1716241 1716335
1716695 1716792
1717084 1717195
1717661 1717742
1718106 1718191
1718327 1718435
1718763 1718891
1719287 1719397
1719454 1719589
1719801 1719917
1720067 1720167
1720390 1720484
1720905 1721030
1721473 1721570
1721824 1721942
1722169 1722248
1722380 1722488
1722887 1722983
1723086 1723180
1723503 1723598
1724093 1724207
1724352 1724456
1724608 1724724
1725152 1725266
1725425 1725524
1725800 1725894
1726118 1726262
1726457 1726575
1726870 1726973
1727012 1727127
1727583 1727698
1728138 1728286
1728323 1728469
1728590 1728687
1728829 1728942
1729292 1729410
1729903 1730012
1730483 1730605
1731002 1731117
1731607 1731703
1731706 1731795
1732139 1732251
1732563 1732712
1732736 1732847
1733030 1733119
1733449 1733551
1733828 1733905
1734169 1734252
1734320 1734439
1734513 1734640
1734929 1735019
1735200 1735301
1735655 1735754
1736208 1736311
1736456 1736565
1736622 1736740
1737143 1737258
1737677 1737763
1737972 1738076
1738472 1738548
1738872 1738990
1739369 1739494
1739581 1739669
1740053 1740172
1740379 1740495
1740856 1740945
1741042 1741117
1741461 1741575
1741815 1741903
1742108 1742218
1742624 1742694
1742859 1742965
1742989 1743096
1743490 1743624
1743845 1743946
1744318 1744450
1744897 1744971
1745329 1745423
1745551 1745616
1746058 1746146
1746593 1746692
1746827 1746975
1747039 1747155
1747640 1747707
1747904 1748017
1748459 1748577
1748722 1748803
1749042 1749138
