300 507
802 1005
1301 1497
1812 2009
2292 2488
2789 2982
3302 3500
3787 3980
4282 4472
4763 4984
5279 5482
5776 5964
6253 6467
6755 6961
7269 7485
7792 7998
8299 8486
8784 8998
9290 9496
9782 9981
10268 10464
10782 10972
11268 11472
11774 11969
12264 12454
12746 12953
13263 13486
13778 13980
14297 14500
14790 14999
15277 15469
15760 15954
16241 16441
16746 16944
17244 17458
17747 17926
18222 18420
18719 18929
19222 19430
19733 19923
20222 20448
20748 20953
21246 21452
21755 21963
22246 22445
22740 22926
23213 23412
23704 23913
24220 24414
24713 24900
25206 25411
25711 25907
26197 26396
26692 26891
27174 27385
27666 27853
28173 28371
28661 28856
29156 29356
29642 29834
30140 30351
30655 30861
31167 31373
31672 31880
32167 32373
32692 32898
33179 33379
33670 33860
34167 34358
34654 34871
35177 35371
35677 35883
36174 36370
36678 36880
37176 37372
37661 37866
38174 38360
38670 38862
39167 39363
39662 39860
40147 40344
40649 40857
41161 41355
41652 41853
42151 42348
42652 42845
43141 43359
43663 43840
44140 44335
44638 44837
45138 45338
45642 45848
46151 46347
46658 46864
47179 47387
47697 47895
48189 48396
48694 48911
49203 49399
49707 49925
50226 50437
50749 50952
51243 51429
51737 51937
52242 52443
52727 52921
53240 53442
53748 53932
54238 54423
54724 54928
55231 55459
55761 55949
56239 56445
56735 56917
57212 57404
57728 57914
58222 58423
58732 58921
59220 59420
59731 59920
60227 60435
60727 60954
61261 61448
61757 61945
62233 62445
62750 62947
63232 63426
63723 63919
64212 64431
64733 64940
65252 65444
65754 65958
66269 66482
66779 66973
67268 67469
67785 67983
68290 68487
68790 69004
69312 69496
69779 69971
70274 70473
70776 70978
71286 71484
71777 71976
72272 72477
72788 72980
73282 73490
73785 73990
74295 74503
74786 75003
75302 75501
75800 76006
76303 76509
76807 77030
77327 77521
77830 78044
78349 78553
78860 79058
79362 79554
79843 80044
80359 80552
80832 81030
81339 81544
81847 82047
82338 82524
82826 83014
83323 83516
83809 84000
84305 84507
84805 85011
85304 85498
85803 86011
86315 86521
86822 87031
87340 87536
87847 88026
88325 88531
88825 89024
89328 89534
89830 90028
90321 90513
90815 91009
91299 91499
91818 92023
92335 92538
92840 93048
93348 93547
93845 94064
94375 94578
94879 95060
95353 95542
95838 96024
96331 96533
96843 97059
97358 97535
97831 98029
98327 98515
98827 99009
99291 99480
99780 99972
100280 100477
100757 100938
101243 101441
101749 101957
102235 102435
102728 102919
103212 103409
103693 103900
104200 104389
104695 104889
105201 105394
105718 105914
106231 106422
106715 106921
107214 107416
107721 107918
108219 108399
108707 108906
109203 109417
109711 109925
110228 110444
110729 110927
111227 111395
111703 111911
112221 112418
112712 112906
113210 113408
113713 113925
114225 114434
114725 114927
115214 115411
115699 115896
116201 116403
116714 116917
117225 117412
117716 117917
118207 118393
118689 118891
119190 119386
119674 119856
120159 120367
120677 120875
121160 121362
121661 121865
122170 122372
122667 122862
123160 123354
123668 123883
124182 124368
124668 124860
125187 125395
125682 125877
126170 126362
126650 126854
127151 127353
127665 127871
128169 128369
128668 128865
129171 129367
129665 129855
130166 130372
130675 130871
131169 131347
131637 131833
132129 132309
132596 132787
133078 133263
133548 133756
134054 134240
134539 134730
135024 135212
135505 135706
136013 136219
136517 136716
137029 137233
137534 137740
138057 138260
138565 138752
139058 139250
139554 139760
140077 140284
140600 140797
141099 141276
141575 141779
142075 142277
142592 142786
143103 143292
143586 143774
144050 144237
144526 144734
145049 145250
145545 145735
146037 146248
146546 146738
147036 147247
147546 147747
148027 148234
148531 148731
149041 149226
149526 149720
150018 150212
150488 150690
150989 151169
151472 151691
152000 152206
152511 152720
153017 153204
153512 153710
154004 154220
154522 154715
155005 155200
155490 155720
156025 156212
156503 156712
157017 157209
157498 157684
157977 158177
158480 158682
158960 159145
159438 159626
159940 160151
160438 160633
160957 161151
161447 161632
161928 162118
162410 162620
162909 163116
163415 163634
163933 164147
164456 164674
164970 165161
165460 165660
165948 166134
166435 166625
166941 167155
167449 167627
167905 168108
168402 168616
168892 169106
169391 169583
169892 170087
170373 170565
170869 171063
171368 171569
171878 172063
172366 172571
172861 173054
173360 173558
173862 174074
174377 174583
174886 175093
175389 175598
175906 176111
176409 176611
176925 177135
177437 177629
177927 178128
178438 178625
178916 179111
179414 179600
179902 180085
180381 180588
180903 181102
181413 181619
181931 182118
182409 182588
182896 183088
183397 183600
183922 184127
184431 184645
184938 185145
185436 185632
185929 186127
186426 186634
186936 187133
187438 187647
187942 188156
188450 188660
188958 189171
189459 189664
189951 190141
190454 190646
190946 191136
191449 191658
191956 192158
192460 192670
192972 193161
193455 193656
193973 194178
194474 194667
194958 195178
195470 195661
195953 196154
196444 196627
196937 197134
197433 197633
197956 198165
198464 198664
198980 199181
199474 199659
199962 200170
200463 200673
200966 201158
201451 201639
201939 202129
202436 202631
202928 203131
203410 203594
203877 204065
204364 204563
204847 205052
205362 205559
205879 206081
206372 206550
206868 207069
207371 207573
207862 208051
208336 208543
208846 209042
209329 209536
209830 210034
210338 210560
210861 211073
211373 211558
211869 212089
212397 212603
212890 213081
213394 213594
213896 214084
214386 214575
214883 215099
215392 215594
215887 216080
216399 216606
216910 217129
217423 217616
217904 218108
218430 218630
218927 219119
219417 219594
219878 220093
220384 220577
220872 221072
221387 221582
221878 222066
222367 222563
222862 223043
223335 223528
223827 224012
224305 224513
224821 225002
225291 225491
225781 225965
226260 226458
226755 226966
227258 227460
227760 227958
228258 228455
228747 228955
229244 229439
229757 229942
230254 230439
230742 230938
231227 231444
231745 231942
232258 232471
232755 232962
233252 233467
233763 233955
234262 234467
234766 234958
235242 235435
235746 235937
236211 236423
236732 236943
237257 237442
237749 237943
238235 238425
238729 238924
239233 239423
239705 239902
240180 240390
240701 240908
241194 241403
241704 241908
242202 242403
242703 242900
243186 243396
243691 243894
244194 244413
244711 244911
245219 245422
245739 245945
246241 246443
246745 246957
247256 247460
247757 247958
248263 248446
248733 248950
249265 249471
249774 249973
250254 250457
250755 250952
251255 251467
251757 251966
252287 252483
252775 252986
253273 253469
253774 253978
254271 254479
254780 255000
255302 255493
255801 255995
256291 256489
256797 256996
257288 257503
257794 257975
258281 258479
258779 258970
259260 259440
259746 259954
260266 260467
260770 260981
261284 261481
261767 261980
262289 262483
262787 262986
263295 263487
263771 263961
264278 264479
264801 265016
265320 265514
265836 266043
266353 266541
266848 267049
267342 267550
267857 268061
268377 268572
268866 269065
269363 269548
269861 270052
270357 270561
270852 271042
271362 271558
271848 272047
272350 272551
272837 273046
273354 273540
273850 274037
274325 274495
274777 274979
275270 275450
275751 275946
276242 276441
276734 276937
277246 277458
277765 277951
278229 278426
278737 278944
279248 279429
279746 279941
280229 280439
280735 280937
281229 281436
281741 281960
282250 282462
282770 282982
283274 283486
283790 283991
284286 284481
284772 284974
285255 285455
285751 285942
286239 286440
286744 286934
287217 287433
287739 287912
288224 288428
288738 288938
289245 289446
289743 289942
290219 290430
290731 290941
291250 291450
291754 291940
292242 292448
292737 292925
293235 293423
293739 293939
294255 294453
294748 294961
295273 295465
295761 295955
296252 296460
296756 296961
297254 297459
297767 297969
298287 298489
298779 298996
299282 299479
299777 299975
300279 300483
300779 300967
301265 301446
301768 301951
302248 302450
302745 302948
303247 303457
303754 303950
304233 304434
304740 304929
305234 305418
305738 305926
306217 306411
306713 306926
307223 307420
307727 307914
308219 308415
308687 308895
309184 309382
309685 309891
310191 310386
310687 310888
311194 311388
311700 311911
312196 312398
312699 312902
313211 313414
313726 313937
314248 314424
314736 314938
315230 315440
315734 315938
316236 316438
316736 316947
317241 317454
317751 317948
318250 318452
318758 318969
319282 319497
319795 320013
320292 320500
320787 320991
321271 321471
321785 321978
322265 322462
322780 322986
323274 323467
323777 323968
324260 324473
324789 324987
325280 325482
325776 325967
326265 326478
326777 326976
327272 327468
327767 327961
328262 328463
328749 328961
329250 329445
329730 329939
330244 330444
330754 330963
331263 331453
331764 331968
332259 332468
332768 332969
333284 333484
333795 333998
334314 334513
334821 335014
335313 335519
335828 336036
336314 336515
336822 337023
337330 337523
337810 338027
338326 338513
338804 339017
339319 339516
339822 340007
340313 340512
340816 341021
341297 341506
341811 342003
342311 342516
342820 343031
343335 343542
343846 344041
344339 344537
344828 345035
345337 345535
345834 346035
346337 346522
346821 347027
347311 347523
347822 348033
348336 348531
348835 349037
349341 349540
349847 350034
350351 350538
350818 351025
351306 351511
351814 352007
352312 352530
352837 353052
353363 353562
353873 354079
354378 354582
354881 355074
355367 355570
355867 356071
356382 356584
356894 357104
357407 357614
357927 358123
358444 358656
358965 359166
359468 359670
359965 360155
360455 360653
360960 361171
361463 361655
361943 362144
362447 362644
362939 363143
363450 363643
363935 364134
364423 364620
364914 365116
365411 365607
365895 366085
366376 366585
366891 367090
367383 367586
367884 368094
368385 368584
368892 369088
369389 369582
369867 370085
370394 370603
370894 371113
371401 371615
371924 372108
372412 372595
372896 373091
373389 373574
373878 374075
374368 374570
374857 375063
375354 375562
375873 376067
376373 376550
376842 377039
377346 377531
377848 378049
378341 378535
378819 379013
379310 379500
379803 379999
380307 380500
380792 380982
381275 381479
381784 381984
382291 382501
382801 382997
383303 383507
383797 383996
384281 384488
384788 384998
385305 385495
385787 385971
386269 386457
386750 386969
387275 387489
387785 387988
388298 388506
388798 388993
389288 389477
389768 389978
390260 390474
390785 390981
391282 391489
391799 392010
392311 392508
392799 392991
393301 393512
393821 394013
394321 394538
394847 395050
395343 395542
395834 396030
396350 396542
396850 397061
397360 397562
397880 398079
398382 398605
398908 399113
399420 399618
399922 400102
400417 400639
400963 401173
401448 401644
401951 402144
402444 402634
402916 403103
403396 403595
403881 404067
404373 404585
404870 405065
405346 405550
405831 406041
406341 406548
406833 407019
407319 407495
407793 408016
408328 408528
408829 409035
409350 409557
409864 410051
410355 410557
410850 411028
411328 411513
411796 412004
412310 412520
412820 413020
413323 413534
413836 414038
414332 414533
414818 415012
415345 415535
415838 416027
416325 416527
416820 417039
417333 417530
417832 418027
418323 418515
418807 418995
419298 419498
419802 419998
420305 420519
420821 421009
421301 421513
421820 422023
422320 422525
422829 423036
423344 423543
423834 424037
424358 424555
424850 425045
425365 425582
425883 426088
426393 426598
426909 427108
427417 427608
427898 428095
428389 428603
428906 429102
429431 429618
429931 430139
430450 430658
430952 431161
431471 431670
431978 432192
432499 432709
433019 433216
433515 433718
434005 434204
434495 434706
435031 435229
435522 435720
436011 436192
436513 436712
437004 437199
437482 437683
437983 438180
438481 438698
439005 439213
439525 439721
440044 440250
440547 440744
441046 441261
441568 441768
442080 442292
442596 442791
443086 443286
443569 443769
444079 444262
444585 444781
445068 445278
445591 445788
446077 446291
446582 446790
447082 447288
447583 447770
448073 448271
448576 448795
449091 449287
449592 449779
450097 450297
450591 450796
451095 451279
451582 451796
452104 452281
452592 452803
453103 453304
453590 453786
454091 454300
454608 454820
455113 455304
455614 455818
456125 456328
456626 456824
457122 457318
457607 457816
458120 458322
458616 458809
459118 459311
459623 459827
460138 460364
460665 460858
461152 461347
461644 461847
462160 462371
462673 462860
463177 463371
463666 463875
464156 464367
464660 464874
465180 465384
465683 465888
466193 466399
466701 466886
467178 467381
467698 467893
468212 468420
468724 468917
469227 469414
469710 469895
470196 470410
470712 470908
471212 471403
471710 471915
472211 472423
472738 472938
473232 473442
473747 473961
474249 474455
474763 474979
475287 475472
475776 475955
476257 476455
476747 476933
477231 477431
477742 477943
478240 478445
478752 478944
479247 479439
479758 479945
480253 480470
480772 480966
481271 481470
481768 481964
482270 482466
482765 482974
483280 483463
483783 483975
484291 484472
484780 484979
485281 485467
485776 485973
486292 486483
486777 486979
487278 487487
487783 487988
488293 488472
488779 488987
489284 489480
489790 489984
490267 490467
490762 490963
491264 491465
491756 491957
492257 492458
492759 492958
493270 493476
493781 493960
494264 494468
494775 494974
495271 495479
495782 495973
496262 496456
496766 496955
497255 497464
497781 497977
498274 498475
498787 498995
499295 499498
499799 499994
500308 500499
500815 501018
501324 501513
501812 502022
502310 502517
502853 503043
503340 503552
503839 504048
504351 504548
504846 505063
505360 505565
505855 506048
506351 506546
506843 507048
507341 507547
507839 508035
508340 508535
508837 509023
509331 509531
509830 510046
510344 510538
510850 511061
511357 511552
511862 512084
512378 512596
512897 513090
513384 513596
513909 514126
514438 514630
514918 515109
515410 515616
515926 516125
516422 516607
516909 517102
517404 517610
517911 518102
518400 518593
518894 519101
519395 519573
519889 520104
520396 520587
520878 521081
521361 521566
521868 522068
522350 522547
522846 523030
523332 523539
523834 524028
524329 524541
524826 525020
525322 525533
525832 526024
526335 526534
526834 527038
527337 527532
527850 528051
528338 528556
528845 529066
529382 529577
529868 530080
530377 530567
530868 531051
531351 531552
531867 532085
532364 532558
532868 533068
533366 533557
533850 534072
534373 534599
534901 535111
535391 535593
535897 536088
536386 536585
536891 537090
537392 537592
537887 538096
538399 538604
538912 539122
539420 539618
539919 540107
540423 540610
540901 541094
541383 541578
541896 542097
542389 542587
542862 543043
543344 543543
543840 544030
544331 544526
544814 545024
545312 545510
545809 546007
546317 546515
546810 547001
547301 547488
547799 547995
548293 548490
548784 548973
549289 549489
549797 549998
550317 550500
550792 550994
551284 551494
551801 551994
552287 552472
552770 552983
553270 553464
553772 553961
554263 554458
554749 554949
555252 555461
555764 555956
556276 556450
556747 556954
557232 557438
557732 557934
558245 558427
558708 558899
559193 559405
559700 559899
560178 560377
560690 560885
561203 561392
561706 561903
562214 562417
562720 562913
563218 563421
563701 563902
564224 564429
564720 564919
565212 565418
565713 565902
566206 566409
566729 566904
567197 567399
567700 567899
568204 568380
568695 568891
569187 569375
569661 569866
570158 570362
570660 570851
571146 571342
571632 571834
572142 572347
572656 572859
573171 573380
573673 573859
574176 574404
574701 574880
575183 575393
575711 575905
576196 576389
576697 576883
577191 577401
577701 577897
578208 578408
578688 578908
579212 579425
579740 579956
580258 580444
580757 580941
581236 581455
581763 581963
582272 582466
582768 582969
583265 583471
583756 583964
584261 584456
584768 584958
585277 585479
585770 585974
586284 586485
586777 586973
587284 587484
587766 587948
588241 588447
588730 588939
589235 589433
589723 589918
590215 590421
590717 590932
591215 591416
591700 591897
592194 592401
592711 592914
593200 593404
593704 593907
594213 594398
594709 594922
595226 595400
595693 595873
596178 596368
596660 596858
597134 597332
597641 597843
598140 598348
598636 598849
599149 599341
599640 599848
600149 600361
600676 600884
601197 601404
601715 601927
602235 602430
602746 602938
603236 603429
603716 603915
604223 604413
604708 604923
605218 605430
605742 605941
606239 606425
606727 606932
607211 607401
607722 607915
608220 608420
608721 608909
609203 609405
609694 609889
610194 610374
610679 610879
611171 611374
611689 611889
612192 612374
612689 612878
613172 613385
613680 613883
614174 614379
614692 614892
615193 615391
615673 615879
616177 616361
616658 616854
617152 617368
617658 617863
618157 618350
618646 618848
619143 619356
619657 619867
620171 620363
620656 620851
621151 621335
621637 621832
622126 622330
622656 622854
623132 623320
623615 623795
624097 624289
624594 624769
625055 625257
625558 625758
626059 626249
626562 626767
627067 627270
627586 627787
628075 628282
628565 628777
629063 629265
629571 629767
630078 630279
630581 630767
631076 631266
631561 631759
632057 632253
632570 632759
633054 633245
633542 633730
634024 634215
634523 634714
635023 635212
635504 635699
636010 636222
636522 636721
637031 637232
637530 637733
638023 638211
638506 638720
639038 639235
639541 639748
640051 640265
640555 640740
641041 641244
641544 641743
642036 642243
642551 642756
643037 643258
643557 643753
644053 644253
644565 644748
645045 645253
645570 645759
646051 646267
646581 646768
647047 647236
647526 647735
648036 648247
648533 648741
649013 649201
649506 649712
650004 650193
650474 650665
650967 651157
651470 651671
651965 652181
652492 652694
653003 653208
653485 653675
653960 654165
654466 654666
654969 655184
655505 655716
655995 656191
656510 656711
657009 657199
657510 657723
658020 658225
658538 658740
659054 659267
659567 659767
660083 660277
660574 660775
661069 661268
661560 661762
662069 662283
662582 662771
663079 663287
663578 663771
664064 664258
664567 664757
665051 665258
665565 665766
666074 666281
666590 666777
667078 667267
667558 667754
668068 668265
668581 668796
669073 669277
669579 669793
670092 670274
670582 670779
671100 671284
671586 671786
672064 672269
672570 672776
673071 673281
673555 673746
674055 674271
674566 674780
675075 675270
675554 675749
676066 676260
676557 676770
677075 677263
677561 677753
678042 678245
678539 678732
679026 679220
679523 679716
680036 680241
680542 680751
681049 681256
681552 681742
682056 682253
682565 682765
683054 683256
683546 683749
684055 684275
684582 684789
685100 685320
685625 685826
686120 686314
686607 686803
687095 687298
687612 687802
688107 688298
688585 688789
689069 689264
689579 689795
690088 690298
690599 690782
691082 691274
691567 691769
692049 692256
692566 692765
693073 693275
693564 693771
694085 694289
694597 694799
695075 695274
695579 695763
696061 696258
696569 696772
697068 697269
697557 697750
698063 698273
698588 698779
699073 699270
699563 699753
700048 700235
700543 700756
701069 701277
701581 701779
702082 702267
702572 702773
703089 703284
703560 703736
704039 704245
704542 704732
705044 705236
705540 705755
706053 706238
706533 706718
707021 707220
707522 707710
708017 708218
708520 708717
709015 709218
709525 709726
710022 710237
710528 710735
711032 711248
711544 711751
712057 712250
712559 712760
713066 713271
713550 713751
714056 714243
714556 714748
715046 715255
715554 715748
716064 716266
716571 716781
717073 717281
717607 717803
718098 718296
718592 718811
719108 719304
719614 719813
720088 720275
720569 720753
721047 721261
721570 721766
722072 722267
722569 722775
723092 723287
723592 723795
724090 724306
724586 724767
725069 725265
725578 725773
726065 726264
726556 726769
727065 727260
727556 727755
728068 728265
728559 728767
729058 729259
729558 729771
730072 730265
730577 730779
731077 731286
731600 731814
732107 732309
732622 732833
733118 733310
733635 733847
734143 734332
734644 734835
735144 735349
735631 735842
736139 736349
736626 736818
737127 737324
737623 737816
738117 738311
738595 738804
739109 739316
739624 739822
740113 740323
740624 740832
741123 741332
741617 741825
742131 742344
742645 742839
743126 743327
743623 743832
744125 744325
744626 744811
745110 745310
745615 745819
746124 746310
746603 746807
747101 747286
747595 747795
748089 748277
748590 748797
749088 749266
749571 749763
750058 750260
750556 750718
751015 751217
751507 751691
751971 752156
752467 752659
752965 753157
753468 753666
753970 754178
754463 754679
754970 755167
755461 755652
755951 756147
756459 756656
756951 757144
757448 757659
757963 758161
758469 758675
758985 759170
759475 759677
759976 760168
760455 760654
760953 761145
761443 761627
761933 762131
762437 762634
762927 763130
763433 763625
763933 764142
764447 764626
764908 765099
765393 765605
765909 766104
766394 766591
766895 767082
767370 767571
767882 768074
768363 768553
768851 769042
769338 769547
769836 770038
770341 770543
770858 771069
771373 771572
771875 772091
772396 772597
772886 773078
773386 773584
773889 774081
774378 774569
774865 775082
775380 775576
775882 776101
776394 776596
776916 777098
777397 777621
777917 778135
778425 778616
778909 779132
779436 779647
779942 780155
780443 780639
780942 781144
781453 781660
781951 782159
782452 782655
782942 783146
783439 783643
783963 784164
784465 784652
784963 785171
785464 785665
785965 786176
786483 786683
786975 787182
787490 787702
787998 788197
788491 788689
789006 789224
789528 789740
790054 790242
790519 790714
791025 791216
791507 791708
792012 792217
792509 792715
793017 793230
793515 793716
794000 794201
794493 794699
794998 795210
795502 795701
796015 796216
796521 796736
797048 797245
797549 797749
798029 798225
798513 798713
799005 799190
799492 799674
799969 800161
800457 800666
800944 801151
801468 801656
801964 802156
802438 802641
802935 803140
803447 803650
803967 804160
804453 804657
804961 805161
805465 805677
805977 806184
806472 806667
806976 807165
807466 807689
807981 808185
808495 808701
808993 809212
809496 809677
809971 810181
810494 810700
811011 811212
811507 811704
811998 812199
812511 812701
813007 813212
813527 813725
814022 814227
814527 814725
815039 815239
815538 815773
816068 816261
816562 816767
817070 817273
817574 817779
818064 818252
818536 818721
819018 819208
819504 819708
820025 820243
820522 820721
821017 821218
821514 821709
821999 822202
822470 822664
822960 823155
823448 823652
823947 824154
824480 824673
824976 825189
825478 825683
825992 826199
826491 826693
826989 827196
827488 827691
827989 828198
828505 828704
829015 829203
829497 829694
829980 830175
830463 830669
830955 831151
831465 831680
831979 832177
832491 832687
832988 833178
833468 833679
833977 834162
834478 834679
834976 835160
835448 835637
835957 836160
836479 836679
836979 837192
837487 837692
838003 838198
838497 838702
839011 839209
839515 839718
840009 840207
840484 840686
840988 841188
841473 841677
841977 842167
842456 842653
842973 843159
843468 843668
843970 844151
844440 844648
844943 845135
845430 845644
845952 846154
846456 846665
846978 847182
847472 847668
847975 848197
848504 848712
849008 849211
849506 849705
849994 850207
850507 850704
851001 851222
851529 851729
852035 852237
852517 852708
853011 853197
853481 853676
853977 854169
854476 854675
854974 855176
855474 855683
855972 856162
856448 856646
856933 857137
857425 857637
857940 858115
858416 858602
858925 859125
859413 859602
859898 860103
860398 860596
860903 861101
861375 861567
861864 862060
862348 862557
862859 863066
863373 863569
863878 864061
864366 864562
864857 865053
865349 865546
865849 866045
866339 866533
866820 867012
867311 867528
867837 868042
868341 868535
868844 869064
869369 869579
869892 870081
870368 870562
870861 871065
871358 871557
871858 872044
872344 872533
872845 873039
873334 873529
873828 874016
874323 874509
874820 875016
875300 875486
875785 875980
876281 876489
876789 876992
877296 877495
877813 878018
878326 878525
878816 878999
879299 879491
879798 879979
880275 880484
880777 880974
881266 881472
881769 881958
882248 882455
882754 882930
883233 883419
883726 883924
884233 884424
884733 884944
885236 885426
885729 885937
886215 886425
886724 886920
887220 887424
887715 887898
888188 888387
888702 888914
889214 889409
889701 889899
890195 890388
890701 890892
891208 891410
891726 891929
892212 892447
892740 892926
893240 893435
893756 893986
894280 894486
894769 894961
895276 895482
895784 895977
896273 896489
896795 896983
897274 897462
897755 897950
898264 898450
898751 898952
899248 899445
899735 899935
900225 900424
900714 900909
901202 901407
901685 901899
902215 902405
902704 902888
903189 903400
903711 903921
904224 904420
904702 904895
905189 905398
905704 905910
906230 906432
906739 906931
907228 907434
907714 907902
908206 908404
908708 908896
909192 909385
909686 909886
910201 910397
910692 910883
911183 911361
911671 911869
912174 912389
912694 912888
913198 913402
913701 913910
914206 914414
914702 914912
915206 915403
915691 915878
916168 916376
916672 916878
917190 917388
917679 917876
918172 918385
918682 918888
919190 919383
919681 919876
920183 920395
920706 920902
921188 921391
921689 921905
922207 922395
922690 922895
923206 923396
923687 923890
924198 924403
924710 924904
925175 925371
925662 925858
926167 926368
926652 926840
927138 927348
927632 927812
928099 928292
928587 928808
929109 929315
929601 929804
930116 930344
930643 930841
931140 931349
931651 931849
932156 932352
932635 932839
933144 933339
933636 933840
934126 934324
934626 934837
935147 935342
935622 935814
936124 936331
936634 936834
937119 937312
937597 937821
938144 938338
938637 938834
939136 939342
939660 939863
940163 940372
940678 940882
941177 941377
941675 941865
942166 942372
942671 942878
943169 943366
943671 943881
944185 944398
944679 944873
945167 945376
945667 945896
946196 946396
946712 946921
947211 947404
947691 947889
948200 948409
948718 948925
949217 949401
949688 949899
950193 950404
950702 950891
951196 951405
951690 951884
952178 952377
952685 952887
953194 953407
953713 953921
954231 954417
954722 954925
955219 955397
955709 955890
956175 956367
956651 956856
957160 957351
957652 957857
958149 958345
958656 958863
959170 959389
959692 959889
960186 960390
960688 960908
961187 961379
961677 961860
962151 962356
962654 962855
963148 963339
963637 963826
964138 964342
964641 964844
965152 965360
965672 965873
966197 966385
966694 966905
967188 967376
967663 967864
968149 968358
968650 968866
969173 969373
969669 969878
970178 970387
970693 970887
971216 971413
971721 971909
972202 972411
972700 972921
973214 973413
973714 973901
974207 974401
974689 974898
975201 975406
975696 975892
976187 976386
976692 976899
977193 977385
977691 977905
978200 978387
978684 978889
979197 979404
979706 979907
980219 980431
980743 980947
981247 981446
981751 981957
982273 982476
982771 982980
983278 983468
983769 983976
984289 984508
984817 985026
985345 985569
985878 986070
986365 986563
986865 987052
987358 987561
987863 988075
988369 988566
988860 989066
989378 989564
989864 990067
990396 990589
990878 991062
991364 991552
991857 992051
992339 992548
992849 993043
993346 993556
993865 994072
994366 994557
994850 995056
995357 995569
995855 996048
996345 996557
996848 997045
997342 997526
997823 998020
998305 998503
998805 999025
999314 999515
999809 1000002
1000301 1000483
1000790 1001005
1001295 1001495
1001810 1002008
1002291 1002519
1002809 1003013
1003330 1003514
1003795 1004002
1004298 1004520
1004825 1005023
1005322 1005511
1005819 1006012
1006335 1006531
1006826 1007045
1007340 1007537
1007825 1008037
1008338 1008538
1008845 1009057
1009355 1009534
1009825 1010039
1010328 1010520
1010826 1011027
1011328 1011532
1011834 1012034
1012326 1012517
1012794 1012985
1013296 1013506
1013816 1014011
1014323 1014537
1014828 1015043
1015339 1015538
1015855 1016056
1016344 1016542
1016832 1017054
1017354 1017559
1017864 1018060
1018360 1018558
1018847 1019057
1019367 1019568
1019866 1020073
1020356 1020566
1020874 1021063
1021361 1021565
1021867 1022065
1022376 1022580
1022895 1023083
1023377 1023573
1023874 1024085
1024398 1024601
1024900 1025101
1025387 1025567
1025868 1026063
1026364 1026566
1026853 1027049
1027353 1027559
1027851 1028053
1028345 1028542
1028841 1029038
1029347 1029563
1029870 1030069
1030380 1030579
1030868 1031076
1031382 1031605
1031888 1032106
1032428 1032627
1032942 1033159
1033458 1033653
1033947 1034162
1034465 1034662
1034957 1035152
1035456 1035651
1035951 1036152
1036449 1036652
1036981 1037169
1037471 1037662
1037942 1038155
1038469 1038669
1038969 1039155
1039459 1039656
1039951 1040148
1040440 1040640
1040943 1041152
1041454 1041651
1041946 1042165
1042463 1042669
1042966 1043156
1043452 1043663
1043949 1044158
1044449 1044653
1044975 1045189
1045482 1045690
1045967 1046169
1046461 1046653
1046943 1047145
1047434 1047620
1047925 1048109
1048415 1048624
1048926 1049141
1049443 1049641
1049936 1050126
1050427 1050628
1050928 1051112
1051409 1051627
1051928 1052129
1052435 1052634
1052953 1053129
1053429 1053635
1053937 1054149
1054456 1054667
1054979 1055193
1055485 1055663
1055965 1056181
1056483 1056680
1056979 1057188
1057489 1057672
1057984 1058191
1058498 1058710
1059017 1059212
1059517 1059715
1060012 1060222
1060504 1060706
1061007 1061197
1061508 1061693
1061965 1062151
1062449 1062650
1062959 1063153
1063453 1063654
1063945 1064157
1064441 1064648
1064937 1065127
1065437 1065642
1065930 1066133
1066428 1066640
1066948 1067164
1067483 1067678
1067987 1068191
1068494 1068691
1069008 1069211
1069514 1069710
1070033 1070235
1070537 1070737
1071033 1071202
1071500 1071692
1071994 1072186
1072491 1072682
1072955 1073165
1073461 1073667
1073962 1074163
1074458 1074653
1074977 1075177
1075491 1075701
1076011 1076202
1076498 1076722
1077020 1077228
1077520 1077734
1078023 1078229
1078529 1078737
1079044 1079235
1079556 1079770
1080089 1080301
1080616 1080825
1081116 1081326
1081624 1081833
1082140 1082332
1082628 1082831
1083131 1083340
1083664 1083871
1084161 1084346
1084664 1084880
1085182 1085387
1085701 1085900
1086195 1086384
1086689 1086913
1087210 1087404
1087697 1087903
1088201 1088404
1088692 1088890
1089189 1089377
1089671 1089883
1090204 1090391
1090691 1090899
1091193 1091413
1091718 1091911
1092219 1092434
1092745 1092948
1093251 1093459
1093759 1093944
1094252 1094455
1094751 1094953
1095248 1095443
1095743 1095943
1096259 1096460
1096757 1096945
1097243 1097439
1097753 1097944
1098237 1098442
1098728 1098934
1099228 1099434
1099709 1099907
1100201 1100405
1100691 1100905
1101209 1101389
1101672 1101872
1102154 1102369
1102667 1102862
1103154 1103368
1103653 1103830
1104129 1104329
1104632 1104841
1105145 1105340
1105636 1105833
1106131 1106323
1106635 1106826
1107117 1107329
1107641 1107836
1108144 1108356
1108661 1108841
1109160 1109356
1109649 1109856
1110147 1110344
1110648 1110845
1111156 1111352
1111654 1111856
1112158 1112365
1112691 1112908
1113221 1113435
1113714 1113906
1114196 1114373
1114663 1114872
1115175 1115393
1115694 1115897
1116192 1116378
1116677 1116884
1117175 1117356
1117657 1117855
1118144 1118336
1118633 1118835
1119134 1119323
1119614 1119822
1120125 1120301
1120617 1120809
1121096 1121300
1121598 1121813
1122105 1122327
1122629 1122819
1123125 1123321
1123630 1123830
1124139 1124338
1124626 1124828
1125152 1125357
1125650 1125845
1126133 1126336
1126606 1126804
1127094 1127290
1127576 1127768
1128075 1128278
1128590 1128783
1129089 1129274
1129551 1129749
1130051 1130266
1130565 1130760
1131060 1131278
1131576 1131783
1132104 1132310
1132594 1132790
1133088 1133292
1133590 1133775
1134075 1134293
1134588 1134795
1135101 1135317
1135618 1135838
1136132 1136342
1136621 1136837
1137123 1137335
1137632 1137840
1138127 1138304
1138605 1138794
1139096 1139297
1139591 1139786
1140084 1140289
1140602 1140808
1141106 1141302
1141591 1141783
1142102 1142296
1142626 1142834
1143131 1143331
1143622 1143815
1144136 1144343
1144657 1144836
1145140 1145352
1145653 1145853
1146158 1146357
1146636 1146836
1147142 1147334
1147652 1147850
1148145 1148331
1148642 1148842
1149137 1149324
1149603 1149819
1150125 1150334
1150632 1150834
1151123 1151328
1151611 1151817
1152136 1152346
1152647 1152827
1153130 1153328
1153610 1153812
1154125 1154329
1154617 1154819
1155130 1155332
1155624 1155834
1156149 1156335
1156632 1156821
1157128 1157321
1157625 1157828
1158121 1158316
1158620 1158809
1159122 1159298
1159607 1159797
1160099 1160321
1160610 1160817
1161125 1161349
1161655 1161854
1162151 1162344
1162657 1162843
1163152 1163356
1163638 1163840
1164131 1164344
1164647 1164845
1165141 1165324
1165625 1165834
1166147 1166336
1166640 1166849
1167155 1167349
1167652 1167861
1168162 1168358
1168647 1168846
1169151 1169348
1169644 1169857
1170157 1170342
1170650 1170832
1171118 1171309
1171591 1171797
1172082 1172301
1172591 1172787
1173078 1173264
1173557 1173758
1174056 1174249
1174549 1174737
1175039 1175243
1175540 1175735
1176022 1176218
1176508 1176684
1176981 1177193
1177507 1177690
1177986 1178189
1178488 1178698
1178989 1179192
1179491 1179707
1180012 1180209
1180494 1180702
1180995 1181194
1181498 1181697
1181993 1182208
1182519 1182731
1183014 1183240
1183540 1183735
1184020 1184219
1184518 1184720
1185021 1185230
1185505 1185697
1185993 1186196
1186493 1186687
1186995 1187181
1187486 1187690
1187994 1188165
1188460 1188655
1188957 1189176
1189479 1189676
1189967 1190158
1190470 1190674
1190959 1191158
1191453 1191668
1191972 1192164
1192467 1192662
1192952 1193150
1193451 1193654
1193969 1194151
1194451 1194652
1194950 1195161
1195453 1195666
1195961 1196160
1196460 1196657
1196962 1197159
1197453 1197660
1197967 1198164
1198471 1198676
1198976 1199179
1199477 1199663
1199965 1200172
1200471 1200685
1200995 1201199
1201516 1201722
1202015 1202217
1202516 1202725
1203019 1203199
1203494 1203682
1203983 1204193
1204495 1204688
1204988 1205180
1205494 1205687
1205985 1206193
1206493 1206685
1206988 1207174
1207453 1207651
1207947 1208150
1208441 1208647
1208958 1209170
1209454 1209668
1209981 1210162
1210474 1210677
1210983 1211187
1211503 1211700
1212002 1212212
1212490 1212686
1212985 1213196
1213497 1213698
1214007 1214213
1214504 1214715
1215024 1215217
1215512 1215739
1216034 1216221
1216522 1216711
1217017 1217224
1217518 1217733
1218044 1218240
1218540 1218744
1219044 1219258
1219547 1219741
1220053 1220253
1220561 1220756
1221060 1221259
1221552 1221754
1222044 1222239
1222542 1222742
1223047 1223257
1223545 1223752
1224035 1224229
1224524 1224711
1225005 1225201
1225505 1225708
1226002 1226187
1226481 1226679
1226985 1227175
1227480 1227679
1227973 1228171
1228477 1228682
1228976 1229194
1229500 1229694
1229985 1230181
1230493 1230697
1231005 1231193
1231495 1231685
1231980 1232185
1232483 1232678
1232978 1233180
1233471 1233679
1233961 1234168
1234476 1234679
1234980 1235187
1235484 1235658
1235950 1236130
1236443 1236640
1236932 1237154
1237453 1237659
1237952 1238163
1238466 1238656
1238955 1239175
1239480 1239669
1239967 1240165
1240465 1240650
1240940 1241159
1241461 1241658
1241972 1242165
1242486 1242678
1242968 1243171
1243470 1243664
1243955 1244154
1244465 1244676
1244976 1245172
1245480 1245678
1245981 1246190
1246496 1246706
1247008 1247220
1247524 1247732
1248045 1248254
1248554 1248773
1249081 1249281
1249595 1249800
1250116 1250730
1251026 1251613
1251920 1252505
1252801 1253403
1253697 1254294
1254575 1255160
1255460 1256060
1256349 1256945
1257259 1257863
1258163 1258776
1259082 1259658
1259949 1260535
1260836 1261438
1261731 1262329
1262621 1263220
1263519 1264122
1264411 1265014
1265309 1265912
1266199 1266806
1267100 1267694
1268001 1268601
1268899 1269509
1269807 1270406
1270699 1271311
1271621 1272202
1272507 1273106
1273400 1274011
1274301 1274916
1275218 1275824
1276120 1276732
1277031 1277639
1277942 1278532
1278830 1279442
1279743 1280340
1280635 1281247
1281550 1282160
1282477 1283074
1283383 1283993
1284305 1284891
1285199 1285797
1286089 1286681
1286990 1287586
1287884 1288499
1288797 1289392
1289693 1290293
1290590 1291189
1291475 1292063
1292348 1292939
1293235 1293831
1294132 1294743
1295045 1295657
1295960 1296568
1296865 1297463
1297757 1298347
1298655 1299252
1299556 1300168
1300465 1301058
1301353 1301956
1302267 1302873
1303154 1303759
1304051 1304652
1304964 1305564
1305858 1306467
1306762 1307369
1307677 1308283
1308582 1309190
1309497 1310102
1310414 1311031
1311330 1311933
1312241 1312850
1313131 1313719
1314017 1314627
1314911 1315500
1315797 1316397
1316693 1317279
1317582 1318157
1318456 1319056
1319363 1319971
1320259 1320872
1321156 1321751
1322052 1322648
1322963 1323577
1323880 1324494
1324800 1325393
1325685 1326275
1326589 1327185
1327498 1328093
1328401 1328988
1329286 1329855
1330153 1330741
1331044 1331646
1331962 1332555
1332841 1333448
1333755 1334330
1334652 1335243
1335537 1336131
1336431 1337027
1337350 1337948
1338256 1338868
1339159 1339753
1340059 1340645
1340946 1341561
1341867 1342468
1342777 1343368
1343669 1344260
1344560 1345174
1345471 1346083
1346386 1346974
1347275 1347877
1348176 1348783
1349090 1349691
1349997 1350599
1350898 1351503
1351808 1352390
1352708 1353315
1353595 1354191
1354499 1355085
1355389 1355985
1356276 1356880
1357179 1357785
1358099 1358705
1359000 1359597
1359867 1360483
1360787 1361377
1361679 1362273
1362572 1363187
1363488 1364104
1364408 1365009
1365311 1365910
1366213 1366814
1367128 1367722
1368010 1368616
1368908 1369504
1369822 1370420
1370717 1371302
1371607 1372198
1372488 1373087
1373388 1373978
1374294 1374896
1375192 1375801
1376103 1376716
1377027 1377636
1377926 1378510
1378801 1379403
1379714 1380331
1380644 1381236
1381550 1382133
1382443 1383041
1383345 1383942
1384245 1384850
1385147 1385741
1386036 1386646
1386927 1387542
1387833 1388421
1388723 1389309
1389606 1390228
1390532 1391135
1391438 1392050
1392337 1392925
1393225 1393834
1394127 1394730
1395048 1395647
1395939 1396566
1396865 1397474
1397780 1398362
1398681 1399264
1399564 1400151
1400456 1401052
1401351 1401947
1402242 1402839
1403133 1403748
1404036 1404633
1404940 1405533
1405839 1406431
1406727 1407313
1407607 1408202
1408517 1409109
1409409 1409992
1410301 1410892
1411192 1411789
1412086 1412696
1412991 1413585
1413878 1414491
1414791 1415395
1415686 1416288
1416590 1417176
1417490 1418106
1418405 1418992
1419280 1419880
1420165 1420757
1421056 1421655
1421971 1422565
1422879 1423486
1423769 1424371
1424659 1425265
1425565 1426181
1426488 1427082
1427376 1427963
1428267 1428863
1429155 1429744
1430047 1430658
1430959 1431552
1431876 1432481
1432770 1433376
1433669 1434273
1434573 1435187
1435500 1436095
1436400 1436998
1437284 1437882
1438196 1438821
1439130 1439725
1440042 1440628
1440923 1441522
1441823 1442435
1442737 1443325
1443617 1444220
1444491 1445053
1445356 1445956
1446256 1446851
1447146 1447733
1448037 1448643
1448935 1449533
1449832 1450444
1450746 1451351
1451654 1452255
1452535 1453150
1453448 1454043
1454341 1454936
1455226 1455830
1456137 1456742
1457041 1457637
1457927 1458516
1458828 1459436
1459735 1460340
1460651 1461238
1461529 1462124
1462414 1463010
1463319 1463924
1464227 1464828
1465126 1465751
1466049 1466652
1466970 1467577
1467880 1468484
1468774 1469367
1469664 1470262
1470560 1471179
1471505 1472098
1472413 1473009
1473316 1473905
1474183 1474778
1475078 1475671
1475960 1476546
1476851 1477444
1477731 1478335
1478617 1479218
1479510 1480097
1480404 1480991
1481286 1481898
1482207 1482789
1483075 1483665
1483983 1484595
1484898 1485502
1485803 1486386
1486694 1487289
1487604 1488202
1488498 1489107
1489396 1489982
1490294 1490892
1491182 1491786
1492078 1492686
1492986 1493571
1493880 1494466
1494748 1495346
1495633 1496228
1496522 1497125
1497409 1498011
1498331 1498918
1499217 1499812
1500111 1500713
1501022 1501606
1501902 1502488
1502797 1503406
1503711 1504306
1504612 1505195
1505486 1506081
1506393 1506977
1507289 1507880
1508173 1508763
1509071 1509669
1509991 1510584
1510873 1511480
1511770 1512374
1512686 1513299
1513608 1514219
1514507 1515113
1515414 1516029
1516314 1516905
1517202 1517812
1518111 1518716
1519012 1519615
1519920 1520519
1520812 1521415
1521719 1522328
1522616 1523227
1523518 1524126
1524420 1525042
1525342 1525929
1526236 1526825
1527122 1527717
1528014 1528616
1528929 1529543
1529841 1530450
1530761 1531371
1531675 1532291
1532592 1533193
1533489 1534078
1534373 1534980
1535274 1535879
1536181 1536794
1537077 1537698
1537998 1538601
1538905 1539510
1539814 1540398
1540719 1541324
1541611 1542213
1542501 1543079
1543388 1543991
1544285 1544905
1545218 1545833
1546130 1546734
1547029 1547627
1547928 1548524
1548832 1549458
1549754 1550345
1550644 1551263
1551552 1552164
1552469 1553082
1553373 1553973
1554258 1554862
1555172 1555769
1556070 1556664
1556961 1557555
1557851 1558466
1558759 1559360
1559671 1560268
1560575 1561173
1561476 1562055
1562350 1562946
1563258 1563854
1564148 1564764
1565068 1565671
1565961 1566567
1566863 1567460
1567755 1568359
1568666 1569245
1569547 1570153
1570450 1571052
1571345 1571964
1572257 1572855
1573160 1573773
1574063 1574659
1574941 1575546
1575839 1576455
1576773 1577384
1577697 1578300
1578608 1579207
1579504 1580086
1580385 1580983
1581281 1581893
1582203 1582809
1583101 1583691
1583993 1584598
1584918 1585533
1585826 1586406
1586711 1587301
1587589 1588188
1588494 1589088
1589395 1589998
1590308 1590922
1591229 1591825
1592135 1592738
1593030 1593620
1593929 1594519
1594809 1595409
1595693 1596324
1596627 1597209
1597493 1598099
1598402 1598998
1599284 1599891
1600195 1600803
1601094 1601681
1601979 1602575
1602888 1603497
1603786 1604382
1604676 1605290
1605590 1606191
1606488 1607081
1607379 1607980
1608287 1608890
1609193 1609797
1610092 1610673
1610953 1611555
1611861 1612470
1612767 1613374
1613672 1614258
1614574 1615158
1615464 1616070
1616367 1616966
1617267 1617876
1618183 1618780
1619090 1619696
1619983 1620594
1620903 1621507
1621791 1622399
1622693 1623303
1623586 1624180
1624486 1625081
1625381 1625999
1626297 1626896
1627187 1627794
1628096 1628706
1629024 1629629
1629917 1630515
1630823 1631431
1631728 1632323
1632605 1633199
1633485 1634084
1634379 1634974
1635273 1635877
1636183 1636765
1637071 1637661
1637955 1638563
1638867 1639472
1639774 1640394
1640678 1641291
1641587 1642207
1642520 1643136
1643442 1644047
1644331 1644934
1645234 1645829
1646113 1646713
1647015 1647610
1647900 1648500
1648799 1649406
1649729 1650334
1650627 1651221
1651524 1652118
1652420 1653025
1653327 1653922
1654222 1654833
1655135 1655718
1656020 1656615
1656918 1657512
1657788 1658377
1658674 1659272
1659563 1660172
1660474 1661086
1661387 1661992
1662279 1662888
1663196 1663805
1664113 1664721
1665014 1665625
1665914 1666508
1666788 1667386
1667687 1668319
1668629 1669232
1669512 1670105
1670404 1671001
1671289 1671889
1672189 1672785
1673089 1673686
1673986 1674589
1674890 1675502
1675825 1676417
1676710 1677306
1677616 1678230
1678525 1679118
1679432 1680025
1680347 1680943
1681264 1681846
1682135 1682737
1683051 1683655
1683968 1684568
1684880 1685484
1685764 1686369
1686679 1687275
1687561 1688165
1688448 1689039
1689332 1689929
1690233 1690827
1691130 1691754
1692063 1692687
1692988 1693585
1693889 1694472
1694791 1695387
1695678 1696286
1696592 1697200
1697518 1698131
1698412 1699025
1699354 1699958
1700271 1700861
1701170 1701781
1702084 1702684
1702998 1703606
1703915 1704520
1704818 1705403
1705712 1706314
1706605 1707208
1707498 1708101
1708395 1708991
1709273 1709881
1710186 1710781
1711092 1711703
1712010 1712605
1712914 1713510
1713829 1714428
1714744 1715324
1715627 1716230
1716547 1717149
1717454 1718071
1718373 1718982
1719267 1719861
1720160 1720739
1721050 1721642
1721948 1722548
1722846 1723452
1723749 1724349
1724644 1725253
1725544 1726151
1726448 1727039
1727341 1727943
1728240 1728825
1729130 1729725
1730017 1730620
1730921 1731519
1731816 1732412
1732706 1733297
1733596 1734185
1734480 1735093
1735372 1735976
1736276 1736877
1737187 1737800
1738092 1738695
1738995 1739600
1739897 1740524
1740820 1741433
1741733 1742333
1742619 1743218
1743516 1744120
1744419 1745045
1745346 1745968
1746264 1746873
1747144 1747764
1748054 1748661
1748950 1749548
1749842 1750448
1750734 1751342
1751642 1752252
1752570 1753178
1753474 1754090
1754366 1754968
1755277 1755876
1756182 1756760
1757043 1757639
1757930 1758513
1758815 1759428
1759719 1760323
1760639 1761232
1761541 1762130
1762417 1763009
1763303 1763908
1764197 1764792
1765082 1765686
1765990 1766600
1766919 1767508
1767808 1768427
1768729 1769322
1769624 1770226
1770533 1771114
1771435 1772049
1772347 1772963
1773282 1773884
1774175 1774775
1775065 1775663
1775953 1776556
1776871 1777478
1777776 1778371
1778661 1779252
1779554 1780160
1780454 1781049
1781351 1781974
1782268 1782844
1783141 1783739
1784034 1784644
1784940 1785539
1785848 1786446
1786734 1787337
1787627 1788222
1788515 1789116
1789425 1790021
1790320 1790936
1791229 1791827
1792130 1792737
1793036 1793659
1793950 1794533
1794817 1795434
1795740 1796339
1796646 1797258
1797554 1798167
1798462 1799078
1799364 1799960
1800237 1800832
1801121 1801734
1802012 1802623
1802925 1803522
1803833 1804409
1804721 1805346
1805636 1806239
1806547 1807149
1807441 1808051
1808359 1808957
1809257 1809844
1810129 1810730
1811043 1811638
1811931 1812523
1812836 1813432
1813738 1814338
1814651 1815272
1815581 1816179
1816483 1817074
1817380 1817963
1818266 1818864
1819160 1819779
1820083 1820679
1820974 1821589
1821883 1822484
1822782 1823395
1823681 1824288
1824601 1825213
1825509 1826096
1826382 1826964
1827259 1827856
1828173 1828766
1829052 1829647
1829950 1830565
1830871 1831452
1831760 1832369
1832655 1833251
1833555 1834166
1834475 1835064
1835347 1835932
1836222 1836820
1837122 1837719
1838023 1838625
1838923 1839525
1839821 1840408
1840704 1841296
1841594 1842190
1842497 1843096
1843391 1844009
1844325 1844922
1845223 1845830
1846138 1846735
1847033 1847622
1847924 1848520
1848835 1849418
1849705 1850307
1850599 1851205
1851511 1852125
1852414 1853007
1853303 1853886
1854183 1854789
1855087 1855689
1855980 1856579
1856871 1857487
1857785 1858376
1858688 1859283
1859592 1860201
1860509 1861109
1861411 1862021
1862311 1862921
1863226 1863803
1864127 1864720
1865036 1865632
1865942 1866541
1866862 1867462
1867759 1868367
1868656 1869254
1869559 1870156
1870475 1871071
1871360 1871977
1872297 1872899
1873206 1873802
1874100 1874705
1874999 1875611
1875916 1876530
1876824 1877416
1877727 1878324
1878624 1879225
1879521 1880117
1880409 1880999
1881288 1881890
1882189 1882776
1883061 1883675
1883980 1884573
1884858 1885447
1885733 1886327
1886644 1887256
1887559 1888167
1888487 1889094
1889392 1890006
1890316 1890933
1891216 1891830
1892115 1892712
1893008 1893608
1893915 1894510
1894812 1895394
1895667 1896259
1896557 1897154
1897441 1898044
1898355 1898948
1899255 1899862
1900140 1900746
1901043 1901655
1901941 1902549
1902847 1903464
1903745 1904346
1904635 1905247
1905567 1906169
1906455 1907075
1907368 1907974
1908266 1908876
1909174 1909769
1910072 1910670
1910969 1911593
1911892 1912486
1912783 1913381
1913686 1914286
1914586 1915190
1915471 1916058
1916387 1916960
1917261 1917868
1918174 1918770
1919079 1919694
1919994 1920570
1920880 1921488
1921810 1922413
1922715 1923324
1923628 1924222
1924533 1925122
1925418 1926009
1926320 1926924
1927227 1927818
1928119 1928720
1929035 1929653
1929954 1930557
1930847 1931469
1931763 1932359
1932665 1933256
1933546 1934139
1934434 1935036
1935321 1935913
1936192 1936787
1937081 1937677
1937978 1938572
1938875 1939466
1939774 1940360
1940680 1941259
1941567 1942172
1942489 1943095
1943402 1943995
1944284 1944889
1945184 1945777
1946072 1946680
1946974 1947564
1947861 1948474
1948771 1949364
1949652 1950247
1950545 1951154
1951460 1952063
1952370 1952957
1953251 1953861
1954164 1954767
1955070 1955667
1955949 1956537
1956840 1957445
1957735 1958329
1958623 1959216
1959516 1960109
1960408 1961013
1961314 1961918
1962216 1962818
1963124 1963735
1964029 1964617
1964919 1965524
1965834 1966418
1966716 1967323
1967610 1968212
1968519 1969125
1969422 1970010
1970316 1970932
1971240 1971837
1972145 1972747
1973057 1973669
1973965 1974564
1974854 1975443
1975755 1976346
1976652 1977242
1977544 1978152
1978468 1979069
1979364 1979958
1980277 1980866
1981156 1981748
1982076 1982674
1982960 1983552
1983847 1984456
1984755 1985345
1985645 1986227
1986531 1987133
1987421 1988034
1988328 1988931
1989217 1989837
1990150 1990736
1991023 1991607
1991896 1992500
1992797 1993411
1993709 1994318
1994604 1995209
1995523 1996104
1996394 1996998
1997299 1997883
1998176 1998779
1999073 1999671
1999993 2000602
2000909 2001510
2001810 2002409
2002722 2003324
2003622 2004229
2004533 2005131
2005433 2006010
2006313 2006890
2007182 2007781
2008078 2008684
2008984 2009575
2009881 2010500
2010793 2011379
2011689 2012284
2012581 2013186
2013467 2014076
2014375 2014962
2015269 2015877
2016169 2016768
2017085 2017676
2017973 2018580
2018886 2019492
2019781 2020370
2020667 2021262
2021557 2022168
2022475 2023078
2023358 2023976
2024289 2024891
2025182 2025787
2026073 2026683
2026984 2027606
2027921 2028520
2028827 2029437
2029713 2030329
2030628 2031221
2031504 2032117
2032431 2033039
2033329 2033929
2034232 2034823
2035135 2035731
2036045 2036625
2036921 2037518
2037809 2038411
2038713 2039309
2039599 2040197
2040485 2041089
2041384 2041985
2042286 2042895
2043208 2043811
2044122 2044707
2044997 2045594
2045916 2046537
2046842 2047466
2047761 2048364
2048664 2049260
2049567 2050168
2050470 2051067
2051353 2051962
2052259 2052867
2053175 2053776
2054071 2054682
2054983 2055607
2055916 2056509
2056796 2057382
2057694 2058285
2058598 2059185
2059488 2060094
2060406 2061001
2061304 2061909
2062194 2062800
2063111 2063697
2063994 2064591
2064891 2065506
2065797 2066390
2066696 2067310
2067621 2068228
2068525 2069124
2069408 2070007
2070305 2070925
2071217 2071821
2072126 2072729
2073054 2073637
2073943 2074545
2074855 2075462
2075772 2076371
2076679 2077286
2077576 2078182
2078481 2079080
2079378 2079968
2080266 2080862
2081178 2081778
2082071 2082666
2082971 2083568
2083861 2084480
2084775 2085378
2085686 2086290
2086581 2087196
2087514 2088126
2088412 2089005
2089297 2089909
2090211 2090799
2091112 2091713
2092012 2092620
2092934 2093552
2093861 2094442
2094734 2095362
2095659 2096274
2096573 2097187
2097487 2098085
2098380 2099007
2099319 2099917
2100201 2100812
2101094 2101699
2102009 2102616
2102928 2103524
2103827 2104423
2104711 2105320
2105626 2106214
2106503 2107120
2107417 2108010
2108301 2108907
2109190 2109777
2110084 2110679
2110992 2111589
2111887 2112486
2112792 2113411
2113730 2114301
2114610 2115214
2115517 2116113
2116434 2117023
2117327 2117931
2118240 2118841
2119135 2119746
2120049 2120641
2120937 2121550
2121843 2122438
2122736 2123326
2123634 2124233
2124534 2125129
2125434 2126039
2126340 2126922
2127221 2127823
2128107 2128728
2129039 2129646
2129950 2130541
2130847 2131441
2131752 2132366
2132643 2133241
2133530 2134106
2134412 2135014
2135326 2135914
2136212 2136815
2137123 2137734
2138029 2138616
2138907 2139528
2139818 2140420
2140689 2141277
2141578 2142179
2142477 2143085
2143389 2144003
2144308 2144889
2145191 2145781
2146076 2146682
2146993 2147593
2147903 2148508
2148800 2149418
2149702 2150306
2150610 2151201
2151491 2152068
2152364 2152956
2153257 2153859
2154159 2154750
2155039 2155622
2155928 2156536
2156827 2157415
2157695 2158307
2158606 2159213
2159515 2160119
2160416 2161020
2161320 2161922
2162200 2162775
2163064 2163670
2163965 2164577
2164867 2165459
2165760 2166361
2166672 2167284
2167583 2168189
2168489 2169079
2169382 2169975
2170265 2170870
2171169 2171767
2172068 2172668
2172957 2173558
2173873 2174477
2174764 2175351
2175665 2176258
2176568 2177163
2177481 2178076
2178383 2178974
2179283 2179874
2180178 2180784
2181090 2181696
2181980 2182581
2182888 2183483
2183778 2184382
2184682 2185276
2185581 2186168
2186461 2187064
2187363 2187978
2188273 2188870
2189161 2189751
2190043 2190663
2190973 2191573
2191854 2192446
2192722 2193335
2193625 2194224
2194529 2195131
2195420 2196022
2196313 2196922
2197221 2197825
2198133 2198735
2199039 2199626
2199923 2200535
2200855 2201456
2201755 2202360
2202685 2203282
2203590 2204197
2204488 2205086
2205378 2205974
2206264 2206872
2207165 2207757
2208045 2208662
2208975 2209583
2209881 2210489
2210798 2211373
2211678 2212275
2212576 2213171
2213481 2214091
2214392 2214994
2215303 2215912
2216226 2216824
2217102 2217699
2217991 2218596
2218904 2219498
2219799 2220378
2220672 2221262
2221559 2222148
2222442 2223049
2223355 2223958
2224261 2224864
2225166 2225756
2226054 2226667
2226975 2227577
2227888 2228487
2228787 2229381
2229670 2230269
2230569 2231159
2231468 2232073
2232362 2232959
2233261 2233859
2234152 2234762
2235065 2235668
2235956 2236567
2236868 2237468
2237752 2238350
2238647 2239238
2239540 2240142
2240454 2241043
2241332 2241939
2242224 2242815
2243101 2243700
2244010 2244607
2244914 2245521
2245823 2246425
2246728 2247324
2247614 2248212
2248501 2249086
2249389 2250002
2250296 2250889
2251182 2251789
2252108 2252718
2253043 2253648
2253930 2254532
2254845 2255443
2255735 2256354
2256647 2257236
2257543 2258138
2258433 2259029
2259336 2259936
2260226 2260840
2261131 2261718
2262021 2262637
2262944 2263548
2263847 2264437
2264730 2265345
2265649 2266254
2266552 2267150
2267450 2268047
2268359 2268944
2269251 2269846
2270153 2270765
2271041 2271639
2271947 2272548
2272850 2273444
2273750 2274348
2274646 2275232
2275527 2276114
2276394 2277002
2277303 2277896
2278203 2278801
2279096 2279694
2280012 2280615
2280889 2281497
2281794 2282385
2282685 2283278
2283565 2284157
2284462 2285061
2285356 2285951
2286278 2286886
2287185 2287790
2288086 2288683
2288975 2289560
2289848 2290442
2290735 2291344
2291639 2292242
2292539 2293139
2293429 2294027
2294338 2294948
2295253 2295844
2296145 2296736
2297053 2297654
2297950 2298559
2298859 2299457
2299747 2300362
2300669 2301270
2301593 2302199
2302509 2303111
2303406 2304005
2304299 2304883
2305184 2305788
2306100 2306704
2306996 2307607
2307906 2308497
2308796 2309387
2309688 2310295
2310594 2311194
2311483 2312090
2312395 2312981
2313295 2313885
2314170 2314751
2315062 2315666
2315957 2316550
2316856 2317444
2317752 2318342
2318650 2319246
2319560 2320170
2320476 2321103
2321406 2321993
2322305 2322906
2323209 2323787
2324076 2324674
2324979 2325582
2325868 2326461
2326750 2327364
2327661 2328271
2328583 2329181
2329493 2330099
2330382 2330978
2331299 2331920
2332222 2332816
2333116 2333712
2334023 2334616
2334924 2335527
2335847 2336454
2336750 2337342
2337653 2338269
2338570 2339172
2339475 2340078
2340354 2340936
2341246 2341833
2342149 2342749
2343060 2343660
2343969 2344565
2344877 2345482
2345761 2346352
2346651 2347251
2347569 2348174
2348487 2349082
2349382 2349993
2350305 2350909
2351196 2351803
2352098 2352708
2353011 2353614
2353930 2354519
2354799 2355374
2355673 2356279
2356590 2357170
2357460 2358048
2358331 2358918
2359229 2359814
2360104 2360694
2361011 2361607
2361906 2362499
2362803 2363417
2363717 2364309
2364624 2365238
2365539 2366134
2366429 2367036
2367347 2367959
2368266 2368868
2369171 2369764
2370067 2370662
2370941 2371537
2371841 2372429
2372720 2373327
2373631 2374227
2374515 2375113
2375399 2375969
2376266 2376868
2377160 2377753
2378042 2378652
2378944 2379548
2379856 2380457
2380745 2381343
2381654 2382254
2382559 2383167
2383439 2384026
2384302 2384906
2385208 2385815
2386112 2386732
2387050 2387659
2387957 2388547
2388841 2389441
2389744 2390335
2390638 2391229
2391543 2392143
2392441 2393054
2393351 2393950
2394243 2394840
2395127 2395724
2396020 2396639
2396940 2397534
2397821 2398428
2398736 2399362
2399638 2400227
2400536 2401159
2401462 2402063
2402370 2402956
2403237 2403841
2404136 2404743
2405047 2405651
2405941 2406539
2406833 2407423
2407719 2408319
2408604 2409198
2409490 2410113
2410389 2410989
2411266 2411872
2412165 2412751
2413044 2413662
2413971 2414575
2414879 2415484
2415784 2416399
2416694 2417278
2417599 2418199
2418497 2419106
2419418 2420013
2420303 2420893
2421187 2421775
2422082 2422682
2422995 2423605
2423902 2424511
2424819 2425416
2425717 2426315
2426609 2427201
2427493 2428091
2428396 2429001
2429295 2429918
2430221 2430825
2431131 2431749
2432051 2432643
2432944 2433551
2433847 2434442
2434743 2435344
2435652 2436258
2436562 2437169
2437465 2438056
2438342 2438939
2439252 2439845
2440150 2440773
2441073 2441688
2441988 2442587
2442878 2443482
2443771 2444364
2444667 2445267
2445567 2446167
2446452 2447060
2447350 2447949
2448256 2448861
2449160 2449766
2450084 2450673
2450983 2451569
2451865 2452469
2452777 2453391
2453706 2454308
2454624 2455211
2455520 2456129
2456450 2457048
2457339 2457932
2458224 2458851
2459147 2459745
2460044 2460654
2460953 2461558
2461847 2462443
2462739 2463347
2463646 2464244
2464554 2465166
2465470 2466065
2466358 2466955
2467286 2467861
2468171 2468775
2469078 2469695
2470000 2470604
2470895 2471484
2471783 2472383
2472689 2473294
2473573 2474158
2474467 2475072
2475376 2475958
2476230 2476842
2477140 2477734
2478034 2478641
2478947 2479550
2479849 2480454
2480739 2481350
2481647 2482256
2482558 2483159
2483448 2484048
2484353 2484959
2485264 2485872
2486163 2486758
2487043 2487652
2487961 2488575
2488854 2489470
2489773 2490367
2490677 2491293
2491577 2492192
2492502 2493105
2493415 2494019
2494325 2494938
2495243 2495829
2496141 2496734
2497036 2497629
2497925 2498520
2498818 2499441
2499757 2500358
2500658 2501257
2501569 2502151
2502467 2503066
2503367 2503963
2504275 2504875
2505170 2505769
2506045 2506625
2506923 2507521
2507812 2508402
2508706 2509292
2509597 2510191
2510486 2511072
2511362 2511959
2512247 2512850
2513181 2513775
2514075 2514678
2514987 2515574
2515859 2516453
2516732 2517327
2517619 2518215
2518525 2519107
2519405 2519996
2520307 2520916
2521237 2521834
2522156 2522763
2523063 2523657
2523965 2524584
2524895 2525501
2525797 2526373
2526670 2527275
2527566 2528152
2528449 2529049
2529355 2529956
2530248 2530849
2531161 2531756
2532034 2532627
2532913 2533512
2533830 2534412
2534716 2535320
2535613 2536224
2536523 2537121
2537423 2538023
2538317 2538915
2539210 2539802
2540108 2540686
2540980 2541589
2541898 2542496
2542791 2543386
2543692 2544275
2544595 2545187
2545501 2546092
2546375 2546972
2547272 2547885
2548194 2548806
2549120 2549724
2550013 2550623
2550935 2551530
2551841 2552449
2552741 2553343
2553635 2554235
2554547 2555149
2555452 2556059
2556359 2556945
2557230 2557835
2558120 2558723
2559013 2559621
2559917 2560526
2560826 2561427
2561713 2562312
2562608 2563218
2563508 2564093
2564390 2564998
2565297 2565875
2566178 2566784
2567093 2567711
2568019 2568617
2568920 2569548
2569877 2570477
2570758 2571344
2571645 2572255
2572547 2573145
2573445 2574043
2574324 2574935
2575215 2575820
2576121 2576721
2577021 2577618
2577923 2578506
2578827 2579440
2579746 2580353
2580651 2581250
2581539 2582139
2582439 2583040
2583335 2583955
2584237 2584852
2585145 2585736
2586034 2586643
2586932 2587544
2587851 2588454
2588752 2589360
2589649 2590240
2590522 2591134
2591433 2592030
2592336 2592938
2593228 2593836
2594152 2594742
2595044 2595661
2595961 2596581
2596873 2597479
2597783 2598412
2598724 2599308
2599606 2600202
2600506 2601115
2601416 2602011
2602312 2602891
2603194 2603795
2604087 2604676
2604968 2605574
2605860 2606456
2606749 2607338
2607638 2608236
2608537 2609141
2609444 2610046
2610329 2610939
2611237 2611836
2612159 2612753
2613061 2613671
2613980 2614587
2614881 2615471
2615767 2616354
2616661 2617266
2617562 2618167
2618463 2619057
2619365 2619965
2620264 2620863
2621149 2621755
2622066 2622670
2622971 2623579
2623855 2624457
2624758 2625371
2625669 2626268
2626575 2627188
2627494 2628102
2628398 2628996
2629286 2629886
2630203 2630794
2631087 2631685
2631963 2632584
2632873 2633466
2633766 2634364
2634650 2635263
2635588 2636191
2636491 2637107
2637403 2638004
2638309 2638913
2639221 2639833
2640143 2640747
2641062 2641668
2641955 2642537
2642853 2643451
2643755 2644367
2644665 2645248
2645562 2646173
2646485 2647085
2647390 2647979
2648271 2648859
2649165 2649753
2650044 2650640
2650937 2651535
2651846 2652454
2652738 2653349
2653635 2654232
2654549 2655135
2655443 2656045
2656359 2656973
2657265 2657872
2658157 2658767
2659061 2659668
2659976 2660564
2660867 2661466
2661778 2662379
2662685 2663294
2663605 2664204
2664498 2665082
2665371 2665945
2666247 2666855
2667157 2667773
2668073 2668668
2668969 2669580
2669875 2670486
2670779 2671376
2671664 2672266
2672579 2673189
2673491 2674096
2674397 2674988
2675279 2675871
2676181 2676779
2677065 2677659
2677966 2678581
2678873 2679468
2679770 2680396
2680690 2681287
2681590 2682191
2682477 2683085
2683406 2683987
2684284 2684890
2685191 2685791
2686086 2686682
2686995 2687615
2687929 2688529
2688828 2689415
2689722 2690317
2690622 2691240
2691561 2692171
2692470 2693077
2693380 2693992
2694267 2694876
2695190 2695794
2696094 2696695
2697005 2697609
2697916 2698514
2698823 2699435
2699749 2700351
2700636 2701248
2701547 2702134
2702435 2703044
2703343 2703930
2704233 2704825
2705129 2705744
2706039 2706622
2706911 2707532
2707846 2708441
2708752 2709352
2709639 2710229
2710530 2711135
2711449 2712044
2712350 2712944
2713245 2713844
2714124 2714734
2715051 2715648
2715953 2716560
2716862 2717482
2717794 2718390
2718694 2719293
2719587 2720180
2720463 2721063
2721367 2721982
2722279 2722871
2723179 2723779
2724091 2724686
2724980 2725586
2725887 2726493
2726807 2727403
2727699 2728296
2728618 2729221
2729516 2730102
2730406 2731011
2731304 2731900
2732201 2732796
2733081 2733686
2733979 2734574
2734875 2735471
2735764 2736362
2736673 2737286
2737589 2738184
2738502 2739097
2739400 2739988
2740298 2740907
2741212 2741822
2742127 2742731
2743021 2743618
2743912 2744513
2744813 2745432
2745744 2746339
2746646 2747244
2747524 2748145
2748460 2749055
2749368 2749983
2750284 2750895
2751201 2751795
2752096 2752700
2753001 2753589
2753888 2754473
2754774 2755384
2755704 2756306
2756622 2757228
2757542 2758136
2758453 2759048
2759347 2759946
2760251 2760851
2761141 2761730
2762041 2762648
2762949 2763556
2763854 2764460
2764768 2765365
2765664 2766264
2766574 2767177
2767476 2768081
2768384 2768979
2769278 2769892
2770181 2770797
2771108 2771711
2772024 2772619
2772928 2773527
2773831 2774434
2774728 2775330
2775622 2776233
2776535 2777152
2777465 2778073
2778367 2778962
2779270 2779861
2780162 2780770
2781103 2781688
2781992 2782608
2782911 2783508
2783830 2784429
2784728 2785328
2785650 2786240
2786523 2787127
2787446 2788046
2788352 2788948
2789252 2789870
2790173 2790781
2791065 2791683
2791987 2792580
2792850 2793460
2793771 2794366
2794672 2795271
2795568 2796183
2796486 2797088
2797389 2798007
2798299 2798935
2799236 2799830
2800140 2800727
2801042 2801654
2801943 2802547
2802837 2803436
2803752 2804364
2804671 2805275
2805589 2806201
2806505 2807098
2807393 2808008
2808297 2808918
2809216 2809811
2810116 2810698
2810991 2811591
2811885 2812497
2812826 2813434
2813741 2814335
2814630 2815207
2815495 2816110
2816393 2816988
2817294 2817898
2818183 2818793
2819100 2819687
2819988 2820607
2820898 2821492
2821790 2822401
2822713 2823323
2823629 2824244
2824533 2825114
2825412 2826002
2826299 2826916
2827207 2827801
2828079 2828673
2828982 2829588
2829888 2830491
2830797 2831399
2831699 2832297
2832602 2833205
2833516 2834120
2834419 2835026
2835328 2835923
2836207 2836810
2837095 2837688
2837966 2838574
2838869 2839474
2839793 2840371
2840674 2841287
2841580 2842173
2842466 2843080
2843389 2843993
2844293 2844906
2845208 2845793
2846095 2846698
2847000 2847598
2847900 2848511
2848796 2849399
2849699 2850312
2850611 2851204
2851505 2852102
2852406 2853009
2853305 2853904
2854200 2854798
2855104 2855720
2856008 2856604
2856900 2857510
2857816 2858410
2858706 2859319
2859606 2860208
2860507 2861141
2861432 2862025
2862326 2862929
2863232 2863840
2864154 2864757
2865060 2865666
2865972 2866567
2866872 2867469
2867769 2868370
2868670 2869274
2869599 2870169
2870488 2871119
2871413 2872020
2872319 2872907
2873217 2873812
2874101 2874709
2875011 2875608
2875905 2876510
2876820 2877428
2877736 2878337
2878630 2879216
2879529 2880132
2880435 2881029
2881338 2881928
2882222 2882816
2883115 2883717
2884005 2884590
2884895 2885481
2885772 2886363
2886662 2887271
2887578 2888168
2888458 2889065
2889369 2889979
2890303 2890914
2891194 2891793
2892103 2892705
2893017 2893638
2893944 2894557
2894857 2895467
2895777 2896375
2896683 2897289
2897587 2898208
2898510 2899124
2899425 2900039
2900354 2900949
2901243 2901838
2902155 2902748
2903049 2903650
2903944 2904544
2904854 2905456
2905753 2906351
2906653 2907254
2907554 2908155
2908454 2909053
2909345 2909959
2910254 2910868
2911164 2911763
2912063 2912661
2912932 2913539
2913836 2914444
2914758 2915354
2915654 2916274
2916580 2917159
2917459 2918052
2918340 2918928
2919222 2919821
2920142 2920753
2921054 2921660
2921960 2922570
2922869 2923477
2923796 2924387
2924696 2925286
2925591 2926187
2926489 2927083
2927373 2927989
2928273 2928855
2929139 2929743
2930054 2930649
2930954 2931534
2931841 2932431
2932740 2933334
2933628 2934239
2934526 2935128
2935439 2936036
2936341 2936948
2937236 2937801
2938096 2938717
2939039 2939640
2939948 2940537
2940833 2941443
2941743 2942354
2942655 2943258
2943557 2944153
2944462 2945074
2945371 2945955
2946262 2946864
2947166 2947767
2948058 2948657
2948970 2949571
2949884 2950494
2950817 2951417
2951722 2952322
2952631 2953224
2953517 2954110
2954402 2954986
2955293 2955878
2956149 2956740
2957047 2957635
2957939 2958531
2958843 2959438
2959742 2960344
2960653 2961262
2961553 2962160
2962461 2963059
2963361 2963964
2964254 2964863
2965163 2965757
2966059 2966667
2966992 2967582
2967880 2968489
2968782 2969382
2969690 2970299
2970591 2971193
2971506 2972097
2972394 2972988
2973282 2973880
2974178 2974783
2975063 2975658
2975951 2976533
2976830 2977441
2977741 2978341
2978653 2979249
2979549 2980143
2980441 2981056
2981360 2981956
2982247 2982849
2983142 2983752
2984062 2984645
2984935 2985532
2985833 2986443
2986739 2987324
2987603 2988192
2988487 2989093
2989385 2989987
2990302 2990910
2991203 2991790
2992080 2992679
2992980 2993574
2993882 2994476
2994768 2995365
2995665 2996257
2996578 2997186
2997490 2998092
2998383 2998966
2999249 2999863
3000177 3000770
3001069 3001677
3001984 3002578
3002882 3003493
3003791 3004398
3004711 3005310
3005608 3006209
3006526 3007107
3007399 3008019
3008329 3008940
3009224 3009824
3010120 3010731
3011035 3011641
3011927 3012541
3012828 3013414
3013720 3014313
3014606 3015201
3015521 3016119
3016411 3017012
3017324 3017916
3018227 3018828
3019126 3019732
3020025 3020627
3020925 3021532
3021831 3022430
3022736 3023338
3023634 3024230
3024526 3025140
3025439 3026042
3026341 3026936
3027242 3027836
3028136 3028741
3029050 3029653
3029963 3030554
3030859 3031481
3031783 3032367
3032680 3033255
3033562 3034152
3034438 3035032
3035345 3035939
3036243 3036845
3037134 3037722
3038001 3038617
3038918 3039512
3039801 3040401
3040703 3041316
3041627 3042221
3042515 3043113
3043409 3043998
3044286 3044873
3045181 3045776
3046075 3046681
3046988 3047588
3047894 3048495
3048787 3049372
3049676 3050291
3050577 3051182
3051489 3052086
3052382 3052984
3053306 3053911
3054211 3054808
3055107 3055718
3056012 3056610
3056920 3057515
3057802 3058420
3058717 3059325
3059626 3060240
3060538 3061151
3061439 3062040
3062360 3062966
3063260 3063850
3064150 3064732
3065017 3065616
3065920 3066498
3066793 3067395
3067702 3068316
3068617 3069219
3069518 3070123
3070428 3071039
3071335 3071931
3072238 3072830
3073138 3073754
3074065 3074661
3074966 3075555
3075842 3076443
3076729 3077313
3077624 3078230
3078534 3079135
3079436 3080041
3080332 3080926
3081240 3081815
3082140 3082752
3083048 3083638
3083938 3084534
3084829 3085422
3085720 3086352
3086629 3087232
3087530 3088128
3088435 3089028
3089328 3089916
3090218 3090809
3091108 3091710
3092014 3092609
3092889 3093470
3093768 3094375
3094672 3095265
3095575 3096176
3096461 3097077
3097369 3097974
3098280 3098882
3099192 3099783
3100083 3100686
3100994 3101603
3101895 3102485
3102787 3103388
3103698 3104294
3104591 3105193
3105501 3106094
3106398 3107004
3107306 3107906
3108214 3108820
3109119 3109717
3110011 3110612
3110902 3111513
3111830 3112419
3112705 3113304
3113615 3114219
3114505 3115120
3115411 3116031
3116334 3116931
3117224 3117814
3118127 3118731
3119023 3119622
3119929 3120525
3120828 3121419
3121697 3122303
3122590 3123179
3123489 3124082
3124369 3124970
3125260 3125864
3126160 3126753
3127056 3127659
3127955 3128557
3128853 3129444
3129741 3130344
3130657 3131244
3131557 3132144
3132455 3133056
3133349 3133926
3134242 3134848
3135139 3135735
3136039 3136647
3136951 3137562
3137857 3138451
3138766 3139357
3139638 3140236
3140528 3141107
3141423 3142014
3142319 3142929
3143219 3143817
3144108 3144716
3145029 3145626
3145938 3146541
3146846 3147458
3147765 3148378
3148681 3149284
3149576 3150158
3150460 3151045
3151354 3151944
3152254 3152872
3153182 3153796
3154096 3154687
3154982 3155583
3155877 3156485
3156804 3157398
3157695 3158293
3158592 3159202
3159497 3160090
3160387 3160982
3161276 3161867
3162185 3162770
3163078 3163673
3163969 3164559
3164857 3165470
3165779 3166370
3166666 3167272
3167576 3168186
3168498 3169091
3169390 3170006
3170319 3170918
3171218 3171829
3172127 3172721
3173013 3173609
3173906 3174506
3174820 3175418
3175712 3176312
3176611 3177213
3177507 3178116
3178413 3179009
3179317 3179908
3180231 3180831
3181143 3181735
3182021 3182626
3182938 3183532
3183843 3184436
3184747 3185346
3185652 3186249
3186557 3187154
3187457 3188061
3188338 3188925
3189223 3189804
3190114 3190718
3191015 3191621
3191907 3192509
3192815 3193410
3193701 3194300
3194600 3195201
3195500 3196102
3196389 3196993
3197294 3197883
3198187 3198799
3199096 3199695
3199992 3200584
3200888 3201483
3201792 3202395
3202677 3203295
3203599 3204213
3204520 3205123
3205416 3206016
3206316 3206915
3207238 3207837
3208142 3208749
3209060 3209663
3209958 3210565
3210856 3211470
3211784 3212384
3212686 3213291
3213599 3214202
3214513 3215111
3215411 3216004
3216293 3216892
3217191 3217781
3218070 3218670
3218975 3219592
3219879 3220477
3220792 3221382
3221680 3222277
3222571 3223167
3223476 3224074
3224375 3224977
3225282 3225870
3226157 3226755
3227053 3227652
3227945 3228524
3228818 3229406
3229699 3230280
3230564 3231184
3231486 3232074
3232397 3232996
3233305 3233896
3234190 3234774
3235061 3235662
3235982 3236582
3236873 3237471
3237772 3238393
3238683 3239285
3239573 3240176
3240471 3241063
3241365 3241969
3242290 3242890
3243180 3243767
3244070 3244669
3244975 3245580
3245882 3246471
3246750 3247341
3247640 3248246
3248555 3249149
3249433 3250027
3250317 3250911
3251219 3251816
3252134 3252740
3253015 3253598
3253891 3254485
3254783 3255388
3255697 3256314
3256622 3257215
3257518 3258126
3258416 3259011
3259314 3259919
3260228 3260844
3261153 3261757
3262068 3262667
3262973 3263575
3263884 3264476
3264773 3265372
3265674 3266282
3266579 3267175
3267463 3268053
3268347 3268946
3269244 3269834
3270115 3270712
3270993 3271569
3271880 3272484
3272791 3273387
3273700 3274301
3274621 3275226
3275536 3276134
3276436 3277047
3277354 3277944
3278236 3278826
3279127 3279719
3280018 3280620
3280932 3281536
3281832 3282439
3282736 3283339
3283651 3284252
3284558 3285175
3285478 3286072
3286353 3286974
3287255 3287860
3288161 3288769
3289101 3289699
3289996 3290592
3290892 3291509
3291808 3292413
3292701 3293285
3293578 3294166
3294459 3295061
3295368 3295960
3296264 3296863
3297180 3297788
3298101 3298726
3299029 3299651
3299933 3300535
3300847 3301440
3301772 3302385
3302684 3303279
3303580 3304193
3304497 3305093
3305384 3305971
3306281 3306870
3307177 3307768
3308078 3308664
3308966 3309554
3309843 3310450
3310761 3311369
3311683 3312289
3312593 3313184
3313477 3314088
3314382 3314975
3315265 3315874
3316167 3316762
3317058 3317662
3317980 3318590
3318914 3319522
3319811 3320400
3320692 3321289
3321587 3322175
3322483 3323070
3323375 3323955
3324260 3324881
3325169 3325758
3326051 3326644
3326952 3327565
3327875 3328485
3328785 3329389
3329677 3330254
3330565 3331173
3331467 3332059
3332351 3332939
3333246 3333853
3334151 3334755
3335058 3335675
3335959 3336580
3336870 3337472
3337778 3338383
3338689 3339295
3339607 3340209
3340502 3341107
3341405 3342009
3342308 3342898
3343207 3343815
3344116 3344724
3345026 3345617
3345928 3346512
3346826 3347417
3347727 3348326
3348622 3349232
3349528 3350122
3350411 3351026
3351329 3351913
3352200 3352791
3353090 3353682
3353986 3354597
3354891 3355501
3355786 3356370
3356650 3357245
3357529 3358124
3358424 3359008
3359314 3359914
3360225 3360820
3361121 3361733
3362034 3362641
3362943 3363539
3363825 3364441
3364738 3365344
3365651 3366241
3366550 3367166
3367473 3368069
3368367 3368970
3369257 3369852
3370138 3370751
3371048 3371643
3371927 3372524
3372832 3373438
3373744 3374341
3374649 3375254
3375546 3376144
3376458 3377061
3377366 3377968
3378259 3378853
3379143 3379741
3380049 3380637
3380933 3381547
3381842 3382451
3382751 3383369
3383679 3384294
3384596 3385201
3385514 3386113
3386407 3387002
3387299 3387895
3388205 3388799
3389097 3389681
3389987 3390588
3390878 3391483
3391772 3392389
3392694 3393304
3393601 3394219
3394511 3395108
3395408 3396016
3396338 3396937
3397249 3397833
3398140 3398750
3399062 3399651
3399964 3400568
3400849 3401442
3401759 3402365
3402662 3403265
3403555 3404150
3404436 3405043
3405348 3405954
3406258 3406842
3407155 3407754
3408033 3408635
3408932 3409527
3409819 3410416
3410710 3411330
3411648 3412241
3412548 3413155
3413458 3414062
3414363 3414956
3415272 3415886
3416211 3416826
3417134 3417739
3418040 3418636
3418928 3419526
3419834 3420424
3420730 3421320
3421606 3422215
3422518 3423114
3423426 3424022
3424292 3424896
3425194 3425779
3426085 3426693
3426994 3427583
3427875 3428487
3428784 3429394
3429705 3430303
3430632 3431246
3431549 3432153
3432449 3433049
3433334 3433944
3434249 3434868
3435181 3435795
3436080 3436706
3436994 3437575
3437867 3438453
3438767 3439372
3439670 3440286
3440597 3441200
3441503 3442092
3442399 3443014
3443308 3443916
3444203 3444800
3445104 3445696
3446008 3446611
3446909 3447504
3447813 3448395
3448703 3449297
3449602 3450223
3450517 3451119
3451407 3452032
3452328 3452920
3453222 3453838
3454148 3454745
3455048 3455655
3455982 3456553
3456839 3457443
3457750 3458352
3458655 3459257
3459555 3460161
3460455 3461058
3461356 3461957
3462257 3462853
3463169 3463765
3464090 3464684
3464981 3465578
3465864 3466443
3466726 3467312
3467609 3468205
3468518 3469108
3469405 3469998
3470295 3470903
3471207 3471816
3472099 3472690
3473004 3473609
3473912 3474525
3474818 3475421
3475730 3476326
3476641 3477243
3477534 3478123
3478431 3479031
3479338 3479948
3480249 3480863
3481164 3481789
3482097 3482693
3482981 3483597
3483892 3484491
3484804 3485398
3485708 3486295
3486584 3487175
3487486 3488101
3488419 3489017
3489304 3489906
3490212 3490813
3491111 3491716
3492019 3492609
3492891 3493492
3493774 3494377
3494682 3495288
3495591 3496208
3496499 3497085
3497386 3497981
3498298 3498899
3499199 3499788
3500089 3500684
3500993 3501583