429 459
808 858
975 1023
1189 1250
1335 1393
1842 1884
2169 2210
2681 2738
2958 3006
3158 3203
3297 3339
3595 3664
3902 3953
4407 4472
4705 4748
4854 4907
4955 4988
5046 5096
5418 5472
5603 5650
5797 5843
6002 6048
6279 6333
6457 6511
6569 6602
6751 6782
6987 7010
7119 7172
7635 7720
8201 8234
8479 8536
8948 8991
9020 9058
9198 9246
9400 9451
9844 9885
9905 9965
10261 10314
10660 10700
10938 10969
11314 11376
11608 11644
11876 11937
12092 12130
12596 12621
12902 12961
13290 13354
13780 13821
14035 14081
14161 14202
14500 14545
14836 14880
15198 15248
15682 15742
15972 16027
16211 16262
16316 16361
16592 16660
16869 16909
16988 17030
17043 17097
17228 17276
17368 17409
17617 17658
18079 18132
18179 18207
18667 18713
19075 19124
19433 19470
19648 19697
20195 20242
20375 20423
20583 20618
20926 20972
20986 21029
21435 21476
21484 21529
22017 22075
22222 22285
22375 22406
22565 22624
22845 22873
23164 23211
23597 23643
24143 24186
24369 24431
24850 24908
24969 25021
25063 25126
25519 25585
25679 25752
25963 26006
26046 26103
26570 26625
26867 26927
26953 27020
27066 27110
27194 27238
27511 27568
27938 27995
28143 28206
28277 28287
28289 28335
28788 28824
29091 29147
29217 29269
29300 29353
29539 29598
29986 30033
30327 30364
30439 30472
30484 30514
30596 30641
31082 31135
31534 31585
31588 31651
32054 32099
32481 32543
32750 32808
32822 32878
33311 33342
33728 33783
34239 34293
34521 34592
34870 34918
35418 35485
35530 35581
35898 35937
36212 36272
36349 36399
36595 36633
36762 36809
36925 36968
37364 37419
37844 37906
37911 37965
38258 38315
38409 38466
38776 38820
39120 39168
39415 39455
39727 39792
40278 40333
40530 40592
40602 40649
41094 41146
41617 41641
41877 41922
42030 42088
42147 42198
42661 42706
43175 43214
43216 43264
43446 43502
43706 43759
44088 44151
44280 44334
44827 44869
44900 44948
45095 45148
45216 45265
45399 45445
45779 45825
45929 45987
46400 46429
46890 46945
47423 47461
47696 47733
48047 48092
48512 48572
48909 48968
49427 49490
49493 49546
49711 49760
50068 50104
50574 50643
50766 50820
50892 50938
51432 51500
51991 52050
52193 52241
52528 52573
52876 52903
53141 53194
53326 53362
53666 53710
53987 54025
54428 54490
54504 54577
54901 54954
55078 55115
55497 55552
55688 55753
55836 55896
56245 56289
56535 56591
56957 56991
57273 57327
57520 57574
57687 57739
57948 58012
58071 58121
58178 58215
58285 58354
58626 58680
58859 58884
59250 59296
59471 59541
59853 59903
60356 60404
60770 60846
60973 61023
61313 61347
61470 61521
61903 61962
62235 62272
62369 62416
62880 62927
62958 62986
63468 63517
63834 63904
64245 64286
64473 64515
64612 64658
64684 64741
65155 65198
65489 65537
65927 65985
66449 66496
66542 66589
66876 66924
67300 67361
67404 67436
67780 67835
68177 68223
68247 68324
68820 68876
68936 68977
69148 69202
69614 69671
69891 69946
70439 70486
70899 70930
71049 71101
71376 71428
71532 71591
71735 71777
72107 72159
72596 72641
73125 73194
73504 73550
74003 74067
74416 74475
74973 75016
75512 75565
75924 75967
76273 76324
76590 76645
76883 76929
77361 77381
77787 77825
77942 77987
78242 78301
78319 78374
78472 78523
78876 78932
79258 79303
79500 79533
79773 79829
80023 80083
80307 80356
80598 80653
81060 81111
81461 81499
81985 82042
82197 82252
82566 82632
82985 83059
83281 83330
83416 83481
83777 83818
84216 84271
84286 84321
84380 84442
84507 84566
84920 84975
85251 85299
85721 85768
86257 86300
86649 86697
86919 86967
87203 87255
87262 87309
87513 87535
87853 87882
88130 88168
88226 88257
88512 88561
88808 88879
89155 89206
89253 89311
89478 89522
89589 89629
90077 90119
90230 90272
90704 90748
91101 91151
91505 91561
91724 91768
92266 92314
92763 92818
92878 92935
93244 93277
93618 93672
93676 93706
93821 93878
93932 93993
94277 94310
94769 94833
95175 95229
95473 95537
96002 96031
96354 96401
96669 96732
96889 96933
97389 97426
97475 97522
97908 97961
98440 98490
98669 98736
99064 99127
99556 99612
99742 99789
100067 100118
100382 100417
100640 100680
100824 100878
101302 101352
101586 101626
101742 101792
101807 101861
101893 101950
102084 102128
102466 102517
102525 102592
102879 102907
103215 103263
103350 103388
103445 103493
103681 103742
103860 103910
104291 104334
104670 104722
105020 105082
105217 105278
105450 105487
105708 105749
105782 105835
105837 105882
106127 106171
106179 106228
106295 106334
106709 106770
107232 107284
107384 107447
107920 107975
108411 108459
108511 108550
108939 108999
109497 109552
109916 109958
110011 110061
110246 110296
110337 110379
110748 110801
110836 110889
110948 111004
111053 111105
111491 111545
111779 111840
111990 112047
112064 112109
112418 112479
112907 112963
113315 113362
113709 113775
114098 114150
114355 114408
114782 114827
114994 115042
115095 115148
115596 115657
115749 115809
116132 116186
116545 116594
116702 116748
117164 117226
117560 117626
118102 118148
118399 118449
118840 118890
118972 119025
119515 119567
119636 119680
119695 119755
120173 120227
120635 120688
120904 120946
120969 121016
121290 121341
121472 121530
121796 121855
122070 122119
122592 122645
122764 122812
123224 123288
123656 123710
123864 123905
124100 124147
124513 124547
124781 124839
124935 124990
125391 125446
125482 125549
125768 125822
125916 125963
126237 126296
126537 126606
126749 126791
126848 126889
127075 127113
127116 127160
127313 127361
127856 127907
128063 128117
128217 128266
128367 128427
128902 128951
129317 129369
129593 129643
129729 129775
129786 129824
130208 130247
130486 130547
130881 130926
131156 131198
131454 131517
131556 131611
131782 131803
131916 131964
132225 132275
132486 132532
132647 132697
133133 133192
133336 133385
133502 133551
133812 133837
133995 134044
134146 134179
134287 134345
134673 134720
134884 134932
135040 135082
135361 135416
135851 135889
135989 136050
136367 136444
136835 136876
137063 137124
137523 137574
138017 138079
138355 138402
138887 138921
139314 139356
139620 139676
140038 140090
140136 140175
140608 140644
140856 140900
140994 141037
141201 141255
141265 141327
141754 141803
142190 142241
142402 142469
142959 143015
143471 143520
143958 143999
144284 144325
144429 144490
144650 144701
145158 145207
145341 145390
145476 145523
145747 145786
145914 145981
146111 146154
146487 146531
146773 146830
146942 146975
147115 147170
147249 147302
147580 147632
147967 148016
148240 148288
148506 148536
148939 148992
149056 149115
149258 149333
149688 149742
150029 150090
150129 150170
150663 150703
150710 150762
151174 151228
151406 151440
151653 151690
152179 152235
152530 152575
152659 152711
153072 153113
153530 153580
153722 153752
154129 154173
154276 154322
154630 154689
154826 154883
155012 155058
155188 155244
155327 155391
155717 155763
155821 155871
156132 156184
156663 156714
157005 157062
157208 157259
157441 157496
157501 157542
157600 157642
157856 157910
158363 158411
158833 158881
158980 159027
159382 159433
159519 159581
159820 159865
159918 159954
160299 160363
160369 160428
160636 160703
161152 161201
161652 161684
161915 161965
162394 162456
162928 162972
163170 163216
163227 163297
163785 163832
163955 164006
164475 164515
164796 164859
164892 164950
165212 165265
165624 165665
165918 165957
166158 166219
166383 166425
166453 166494
166750 166814
167186 167237
167301 167340
167715 167767
168189 168234
168429 168457
168469 168507
168910 168964
169452 169504
169885 169922
170384 170437
170513 170552
171000 171057
171411 171440
171486 171541
171895 171958
172031 172080
172510 172552
172948 173000
173091 173151
173606 173656
173945 173987
174232 174285
174622 174666
174906 174951
175232 175287
175617 175677
176098 176159
176525 176581
177013 177056
177547 177617
177992 178037
178277 178333
178494 178571
178734 178785
179122 179169
179621 179663
179966 179990
180358 180409
180497 180551
180984 181033
181080 181125
181552 181596
181687 181738
182180 182253
182385 182431
182543 182595
182746 182797
182799 182845
182874 182915
183331 183365
183588 183636
183851 183895
183976 184008
184321 184378
184445 184496
184976 185012
185398 185450
185899 185936
186026 186085
186554 186608
187057 187111
187336 187395
187664 187715
187880 187935
188310 188352
188784 188831
189265 189300
189434 189475
189799 189840
190076 190123
190474 190523
190751 190799
191078 191134
191569 191614
191728 191777
191859 191906
192148 192201
192476 192530
192759 192810
192865 192909
193271 193316
193561 193614
193899 193949
194131 194182
194561 194616
194801 194839
195033 195084
195206 195253
195651 195708
195937 195990
196329 196380
196522 196570
196745 196801
197043 197113
197341 197385
197535 197584
198042 198099
198351 198413
198440 198486
198579 198638
198879 198939
198949 198998
199466 199505
199577 199612
199742 199780
200128 200187
200399 200447
200555 200611
200661 200701
201142 201183
201380 201426
201657 201698
202092 202149
202576 202620
202959 203010
203332 203378
203518 203569
203766 203811
203832 203868
203871 203923
204208 204271
204398 204448
204597 204658
204909 204956
205219 205263
205551 205609
205827 205882
205980 206026
206513 206560
206912 206968
207114 207172
207601 207641
207812 207856
207965 208019
208428 208480
208538 208605
209040 209101
209500 209549
209918 209970
210113 210155
210654 210701
211033 211085
211419 211481
211868 211924
212380 212434
212547 212589
212624 212673
212680 212725
212899 212939
213386 213435
213868 213922
214108 214141
214613 214669
214927 214972
215334 215367
215408 215460
215764 215824
216051 216094
216469 216524
216828 216874
216980 217016
217329 217379
217680 217744
218241 218269
218516 218562
219022 219066
219397 219457
219671 219711
219873 219933
219984 220044
220357 220397
220872 220916
221287 221344
221415 221459
221905 221974
222162 222204
222544 222591
222970 223024
223109 223160
223242 223296
223613 223653
223856 223902
224056 224107
224488 224536
224596 224646
225014 225049
225535 225591
225749 225781
226187 226232
226635 226710
226990 227049
227512 227555
227997 228051
228247 228306
228532 228578
228669 228727
228785 228834
229228 229282
229755 229803
230239 230290
230348 230404
230640 230680
230796 230821
230852 230898
231066 231115
231492 231551
231569 231610
231976 232029
232098 232145
232471 232523
232704 232747
233015 233062
233479 233550
233577 233643
233967 234019
234145 234206
234388 234446
234452 234490
234667 234701
234893 234939
235162 235211
235680 235744
235973 236040
236467 236516
236887 236931
237428 237471
237920 237984
238470 238518
238522 238570
238828 238874
239240 239297
239786 239846
239873 239935
240214 240280
240537 240578
241061 241109
241149 241225
241310 241376
241623 241683
241884 241926
242199 242255
242437 242484
242632 242685
242693 242737
242924 242967
243362 243402
243605 243644
243691 243756
243952 243995
244266 244317
244651 244702
244875 244924
245114 245170
245565 245633
245923 245952
246319 246362
246693 246720
247046 247110
247572 247614
247724 247776
247956 248002
248454 248500
248502 248542
248544 248582
248933 248995
249355 249412
249740 249802
250010 250046
250445 250501
250942 250998
251144 251183
251610 251653
252044 252097
252204 252248
252260 252291
252593 252632
252681 252721
253058 253105
253168 253218
253463 253511
253737 253780
254041 254106
254338 254376
254675 254712
254785 254841
254907 254937
255432 255486
255899 255949
256065 256120
256309 256362
256528 256569
256581 256642
256809 256849
256876 256908
257112 257160
257578 257621
257687 257732
258014 258065
258395 258460
258853 258896
259386 259454
259711 259763
260169 260211
260701 260737
261179 261247
261523 261548
261576 261639
261796 261859
262254 262309
262435 262493
262654 262710
262835 262882
263277 263324
263778 263840
263910 263960
264453 264499
264500 264582
264804 264860
265127 265189
265328 265388
265710 265771
265874 265929
265935 265980
266474 266536
266652 266689
267156 267221
267614 267647
267685 267726
267840 267898
268245 268296
268343 268391
268796 268845
268910 268959
269311 269349
269723 269783
269970 270010
270438 270489
270541 270603
270873 270932
271415 271472
271700 271764
272075 272124
272551 272609
273069 273108
273531 273581
273964 274022
274177 274220
274623 274679
275069 275107
275242 275294
275577 275636
276097 276131
276370 276435
276478 276539
276599 276651
276947 276989
277397 277444
277654 277686
278156 278221
278316 278370
278436 278490
278868 278929
279295 279346
279816 279858
280037 280086
280096 280126
280620 280666
280710 280757
280803 280854
281143 281188
281539 281578
281995 282038
282229 282271
282553 282606
282875 282935
282968 283008
283149 283197
283525 283571
283676 283720
283827 283884
284116 284169
284223 284270
284595 284644
285022 285068
285152 285205
285558 285596
285652 285699
285910 285953
286134 286176
286671 286719
286749 286772
286842 286888
287089 287125
287559 287609
287832 287861
288278 288335
288436 288491
288563 288612
288679 288730
288831 288875
289224 289266
289407 289452
289666 289719
290069 290106
290149 290201
290516 290588
290715 290780
290807 290874
290885 290932
291214 291257
291395 291442
291681 291724
291875 291919
291993 292076
292292 292324
292784 292842
293075 293122
293276 293332
293779 293846
293986 294029
294127 294191
294267 294309
294567 294605
294753 294805
294832 294881
295070 295117
295228 295280
295572 295626
296037 296102
296486 296533
296923 296983
297443 297478
297574 297621
297751 297783
297997 298063
298559 298617
298860 298927
299083 299136
299534 299598
299916 299977
300174 300235
300429 300458
300859 300883
301012 301064
301279 301312
301588 301647
301992 302043
302154 302207
302521 302576
302818 302860
303005 303044
303087 303158
303636 303700
303930 303997
304286 304332
304821 304879
305016 305070
305183 305235
305571 305604
305656 305713
306007 306067
306369 306403
306619 306667
307064 307105
307154 307218
307268 307310
307465 307505
307797 307831
308139 308180
308628 308679
309143 309203
309326 309371
309803 309852
310069 310111
310431 310464
310831 310874
311283 311324
311339 311376
311583 311633
311854 311918
312086 312140
312163 312206
312654 312697
313177 313241
313593 313640
314110 314173
314289 314350
314360 314416
314595 314637
314839 314904
315397 315446
315558 315604
315658 315706
316171 316210
316702 316737
317220 317271
317295 317343
317604 317663
317867 317900
318249 318307
318635 318687
318964 319017
319048 319091
319459 319518
319834 319880
320285 320334
320812 320872
321343 321408
321698 321733
321764 321811
322149 322194
322424 322470
322662 322714
322804 322858
323295 323353
323411 323458
323681 323742
323978 324022
324305 324329
324774 324820
325258 325312
325555 325596
325602 325652
326144 326203
326244 326295
326667 326737
327103 327168
327287 327325
327556 327592
327942 327985
328321 328387
328774 328818
329192 329222
329267 329313
329502 329529
329769 329802
330117 330173
330441 330502
330767 330817
330903 330950
331308 331370
331642 331697
331918 331959
332178 332233
332359 332423
332898 332952
333076 333125
333567 333607
333898 333941
334397 334461
334956 335012
335214 335262
335429 335469
335517 335563
335651 335694
336101 336157
336368 336433
336661 336712
337198 337254
337427 337474
337649 337698
337927 337976
338318 338367
338695 338750
339200 339251
339427 339455
339701 339739
340194 340254
340546 340595
340685 340730
341003 341049
341198 341240
341319 341375
341585 341614
342109 342149
342421 342496
342731 342777
342949 343019
343160 343189
343291 343332
343397 343436
343738 343789
344275 344314
344433 344475
344577 344639
344753 344810
345247 345291
345406 345454
345594 345647
345869 345927
346319 346351
346482 346527
346698 346765
346859 346923
347047 347093
347421 347466
347744 347798
348014 348078
348249 348292
348786 348836
349183 349225
349630 349681
350052 350093
350163 350203
350434 350484
350967 350990
351489 351530
351696 351740
351760 351826
352213 352258
352462 352531
352764 352812
353015 353067
353344 353396
353662 353716
354211 354268
354454 354500
354950 355010
355033 355089
355586 355635
355744 355799
356149 356186
356336 356399
356722 356777
357224 357271
357680 357729
357886 357925
358400 358448
358830 358894
359170 359229
359557 359616
359763 359789
359884 359953
360098 360144
360385 360425
360557 360603
360886 360929
361171 361207
361450 361492
361725 361761
362259 362313
362629 362687
362758 362792
363202 363244
363258 363315
363414 363472
363757 363820
363845 363901
364283 364353
364757 364813
364962 365009
365413 365461
365897 365934
366116 366157
366283 366328
366689 366733
366891 366958
367022 367090
367416 367466
367674 367713
368044 368099
368342 368405
368545 368590
368891 368946
369122 369169
369588 369649
370146 370207
370441 370480
370582 370634
370823 370894
371232 371287
371472 371526
372007 372051
372114 372159
372317 372372
372633 372666
373124 373189
373621 373687
374121 374184
374338 374396
374717 374754
374865 374924
375163 375221
375297 375358
375562 375592
375895 375943
376137 376187
376684 376739
376888 376931
376973 377019
377382 377441
377833 377872
378291 378347
378443 378471
378814 378867
379287 379347
379489 379554
379603 379653
380041 380092
380316 380379
380573 380613
380858 380913
380945 381000
381431 381469
381832 381873
381947 381986
382352 382392
382665 382707
382914 382964
383166 383222
383545 383578
383926 383973
384473 384539
384605 384642
385029 385100
385510 385572
385624 385671
385925 385975
386045 386096
386245 386296
386353 386398
386687 386736
387182 387213
387224 387284
387666 387717
387981 388038
388154 388207
388485 388526
388733 388790
388890 388942
389304 389355
389580 389612
389819 389870
390304 390359
390456 390493
390614 390663
391045 391106
391455 391514
391964 392012
392319 392358
392569 392612
392972 393023
393381 393428
393508 393544
393817 393873
394319 394356
394846 394894
395379 395437
395552 395594
395783 395845
395904 395955
395970 396020
396417 396476
396730 396794
397229 397282
397605 397657
397709 397746
398162 398211
398280 398332
398713 398758
399104 399166
399548 399592
399777 399835
400203 400267
400406 400453
400566 400600
401081 401127
401448 401505
401549 401587
401994 402040
402249 402284
402674 402731
402869 402916
403096 403147
403614 403647
403969 404020
404033 404066
404189 404246
404668 404699
404898 404937
405083 405140
405327 405362
405517 405566
405861 405900
406115 406159
406569 406616
406735 406773
407257 407305
407584 407635
408067 408111
408531 408569
408832 408891
408983 409029
409244 409285
409422 409470
409474 409518
409655 409708
409885 409932
410003 410059
410107 410148
410213 410247
410416 410476
410584 410611
410786 410819
411149 411200
411272 411329
411796 411856
412180 412247
412466 412505
412602 412640
412991 413039
413475 413522
413642 413695
413952 414001
414412 414449
414840 414888
415348 415408
415766 415824
415865 415897
416058 416137
416383 416422
416810 416848
416852 416892
417136 417189
417643 417684
417896 417951
418247 418307
418749 418803
419096 419153
419588 419633
420088 420157
420198 420246
420714 420748
420819 420880
420906 420936
420982 421026
421398 421457
421703 421748
422048 422111
422367 422417
422782 422824
423316 423366
423855 423893
424205 424245
424561 424617
424856 424895
425276 425333
425757 425834
426133 426169
426665 426706
426819 426865
426880 426927
427247 427294
427302 427346
427506 427566
427733 427785
427990 428026
428040 428075
428415 428471
428846 428906
429384 429421
429699 429756
429992 430047
430383 430423
430448 430488
430756 430809
430917 430977
431272 431309
431553 431617
431803 431868
431965 432025
432351 432402
432507 432551
432807 432851
432875 432923
433318 433373
433603 433647
433807 433854
434006 434049
434101 434153
434567 434618
434903 434957
435329 435383
435680 435727
436115 436144
436622 436670
437170 437210
437655 437695
437845 437902
437961 438004
438182 438222
438489 438520
438912 438944
439424 439503
439743 439782
439859 439913
440105 440155
440352 440397
440494 440547
440936 440992
441399 441451
441621 441668
442141 442176
442294 442336
442786 442839
442885 442950
443165 443201
443425 443495
443887 443936
444301 444363
444734 444779
444835 444877
445022 445069
445179 445227
445475 445508
445973 446032
446326 446378
446656 446729
446787 446846
447218 447276
447350 447390
447777 447850
448015 448057
448170 448207
448221 448256
448487 448538
448649 448680
448756 448790
449032 449063
449234 449282
449546 449597
449599 449643
449821 449880
449946 450004
450080 450128
450352 450418
450735 450772
451063 451114
451169 451246
451438 451487
451707 451765
452011 452054
452441 452485
452655 452707
453122 453160
453194 453252
453392 453451
453761 453804
453860 453913
454086 454134
454445 454476
454954 455003
455295 455351
455795 455847
456347 456410
456696 456750
456972 457001
457096 457148
457639 457681
458041 458092
458309 458343
458410 458463
458700 458731
459116 459176
459384 459437
459440 459489
459587 459626
459944 459992
460085 460134
460505 460557
461054 461111
461486 461550
461570 461609
461816 461876
462126 462193
462677 462731
463185 463229
463583 463638
463807 463855
463959 464008
464281 464332
464470 464523
464532 464576
465054 465101
465561 465626
465674 465745
466150 466203
466286 466327
466428 466464
466634 466689
467022 467074
467319 467355
467428 467470
467486 467529
467955 468012
468377 468417
468801 468841
468986 469069
469528 469578
469852 469907
470312 470371
470728 470787
470819 470831
471070 471112
471522 471578
471690 471743
471758 471814
472188 472247
472547 472588
472742 472814
473100 473158
473159 473220
473440 473510
473645 473688
473878 473905
474146 474202
474588 474639
475009 475070
475518 475579
475675 475742
476188 476229
476320 476348
476704 476757
476801 476843
476913 476951
477195 477253
477499 477552
477830 477881
478184 478246
478436 478495
478530 478587
478642 478670
479130 479189
479450 479497
479901 479941
480281 480332
480612 480652
481108 481145
481572 481617
481731 481793
482204 482267
482627 482663
482750 482806
483274 483313
483720 483780
483901 483948
484099 484154
484569 484621
484724 484772
485041 485084
485570 485624
485653 485695
485944 485996
486184 486224
486594 486642
486824 486867
486942 486988
487010 487077
487218 487275
487759 487799
488263 488323
488550 488602
489099 489152
489344 489375
489796 489861
490321 490369
490642 490690
491126 491170
491600 491654
492134 492192
492492 492531
492823 492861
493212 493265
493603 493658
494137 494178
494302 494344
494800 494869
495156 495199
495668 495733
496032 496077
496356 496415
496541 496590
497071 497117
497398 497438
497715 497751
498210 498265
498435 498481
498920 498955
499262 499316
499648 499709
499777 499804
499929 499962
500108 500161
500533 500583
501075 501138
501316 501364
501588 501633
501997 502091
502504 502587
502952 503059
503245 503350
503554 503649
503673 503776
504220 504319
504358 504454
504631 504725
504910 505008
505155 505264
505478 505581
506051 506152
506294 506384
506695 506778
506975 507074
507415 507511
508003 508110
508486 508582
508845 508943
509041 509152
509613 509709
510038 510137
510587 510668
510739 510823
511291 511371
511524 511628
511936 512049
512242 512336
512773 512867
513115 513215
513226 513336
513553 513675
513840 513935
514315 514396
514617 514724
514817 514927
515303 515389
515874 515972
516311 516414
516743 516817
517156 517250
517403 517484
517738 517830
517850 517950
517989 518087
518315 518410
518686 518784
518785 518896
519370 519463
519666 519762
519812 519897
520277 520366
520445 520560
520812 520909
521013 521101
521321 521416
521850 521957
522066 522161
522573 522663
522785 522887
523262 523371
523440 523537
524001 524100
524314 524420
524479 524554
524926 525017
525499 525602
525800 525910
526114 526209
526418 526525
526621 526712
526882 526977
527317 527421
527826 527922
528097 528208
528575 528661
529039 529158
529336 529447
529736 529839
530075 530177
530537 530621
531007 531115
531140 531234
531578 531660
532079 532166
532462 532558
532805 532905
533069 533136
533527 533609
533973 534073
534116 534216
534228 534321
534380 534471
534945 535042
535187 535290
535368 535474
535772 535876
536225 536315
536412 536512
536668 536759
536927 537042
537496 537591
537805 537904
538267 538362
538397 538485
538652 538752
538915 539016
539020 539143
539184 539284
539320 539419
539806 539888
540072 540183
540365 540463
540736 540826
541120 541221
541645 541745
542087 542184
542421 542502
542931 543029
543417 543511
543699 543789
543820 543908
544033 544150
544343 544437
544589 544693
545116 545237
545306 545407
545549 545664
545683 545790
546276 546362
546476 546585
546950 547043
547099 547207
547494 547599
547756 547855
547887 547998
548050 548159
548259 548370
548537 548634
548738 548855
549286 549380
549536 549629
549668 549772
550064 550168
550339 550467
550758 550864
551171 551257
551265 551361
551489 551607
551997 552089
552386 552486
552929 553013
553054 553127
553419 553505
553756 553857
554262 554373
554683 554780
555067 555165
555435 555553
555943 556045
556213 556314
556396 556475
556798 556890
557340 557449
557929 558024
558422 558515
558599 558687
559003 559107
559335 559424
559471 559567
559599 559700
560120 560232
560723 560832
561234 561332
561352 561447
561825 561912
562235 562320
562382 562507
562627 562716
562952 563048
563277 563365
563437 563550
563622 563726
563829 563917
564087 564181
564486 564584
564853 564958
564969 565056
565090 565202
565681 565762
566052 566161
566348 566446
566929 567021
567445 567552
567582 567692
568100 568205
568345 568437
568547 568668
568791 568884
569004 569112
569207 569320
569510 569602
570004 570115
570363 570456
570826 570909
571098 571197
571617 571721
572028 572114
572596 572709
572777 572868
573021 573133
573459 573564
573837 573926
574347 574445
574669 574769
575098 575187
575440 575546
575569 575655
576060 576160
576529 576621
576984 577102
577339 577427
577661 577779
577902 578004
578227 578319
578481 578573
578983 579089
579448 579537
579546 579645
579659 579759
580190 580270
580726 580827
580983 581087
581298 581398
581699 581806
582261 582374
582617 582699
582740 582831
583269 583374
583628 583731
584163 584261
584531 584622
584817 584925
585309 585409
585488 585577
585844 585935
585944 586056
586492 586590
586792 586882
587048 587136
587421 587526
587738 587847
588092 588199
588362 588460
588741 588843
588886 588991
589051 589138
589507 589611
589857 589957
590303 590400
590789 590898
591066 591196
591484 591593
591969 592069
592416 592515
592981 593090
593378 593476
593951 594031
594290 594386
594776 594861
595103 595204
595235 595327
595351 595449
595693 595788
595883 596006
596259 596367
596518 596608
596686 596788
596811 596909
597319 597417
597591 597685
597831 597929
597990 598092
598103 598201
598633 598732
598850 598947
599093 599208
599393 599495
599600 599690
599926 600026
600206 600296
600619 600721
600972 601078
601401 601488
601936 602026
602380 602472
602919 603016
603138 603239
603381 603484
603839 603945
604202 604318
604405 604499
604775 604880
605015 605128
605221 605310
605493 605590
606001 606072
606311 606410
606797 606893
607028 607116
607198 607305
607501 607600
607613 607711
607956 608057
608271 608347
608730 608819
609301 609402
609612 609701
610039 610124
610426 610532
610955 611074
611382 611469
611943 612041
612213 612311
612416 612533
612948 613065
613477 613582
613988 614091
614295 614402
614675 614766
615244 615334
615754 615855
616326 616431
616787 616900
617151 617245
617352 617459
617955 618062
618502 618603
618790 618876
619079 619178
619350 619475
619849 619955
620291 620379
620836 620936
621173 621265
621402 621506
621972 622057
622373 622468
622855 622949
623366 623473
623902 623999
624150 624235
624633 624733
625200 625282
625693 625792
625982 626093
626394 626483
626832 626922
627392 627484
627662 627768
627842 627952
628165 628275
628693 628771
629039 629141
629559 629646
629705 629801
629988 630085
630460 630580
630929 631031
631416 631515
631697 631794
631958 632053
632073 632157
632327 632426
632836 632937
633323 633425
633537 633645
633928 634044
634241 634346
634582 634678
634684 634802
634865 634959
635223 635326
635405 635490
635614 635724
636147 636257
636386 636480
636690 636790
636952 637050
637291 637388
637499 637605
637979 638072
638188 638295
638565 638650
638943 639038
639455 639538
639820 639935
639970 640077
640168 640271
640730 640842
641172 641269
641494 641584
642034 642144
642285 642387
642394 642488
642620 642718
643138 643242
643691 643809
644212 644315
644366 644468
644791 644896
645235 645317
645587 645694
645705 645785
645844 645960
646220 646313
646604 646715
647020 647107
647514 647620
647713 647813
648234 648328
648370 648466
648736 648834
648895 648993
649449 649543
649977 650084
650504 650597
650780 650874
651333 651449
651836 651913
651955 652054
652061 652147
652203 652297
652380 652474
652858 652959
653341 653447
653467 653587
653866 653972
654340 654443
654874 654969
655371 655462
655804 655909
656376 656486
656776 656873
657059 657157
657250 657358
657563 657686
658020 658119
658190 658281
658515 658613
658860 658960
659162 659271
659502 659598
659763 659870
660056 660165
660186 660276
660680 660772
660853 660941
661300 661418
661658 661736
662221 662320
662574 662666
662785 662880
663142 663234
663315 663420
663770 663865
663967 664076
664467 664555
664574 664674
665168 665261
665488 665575
665681 665779
666038 666114
666379 666492
666920 666998
667251 667344
667673 667777
668236 668350
668513 668605
668620 668729
668768 668870
668989 669092
669102 669190
669305 669405
669485 669585
669942 670037
670481 670585
670828 670930
670972 671076
671240 671345
671346 671473
671892 671991
672316 672428
672676 672780
672984 673083
673538 673635
674070 674178
674190 674305
674385 674461
674795 674899
675192 675289
675330 675411
675549 675667
675798 675902
676334 676439
676818 676899
677055 677165
677503 677616
677673 677792
677996 678094
678305 678403
678455 678552
678868 678969
679148 679262
679355 679440
679805 679909
680324 680416
680862 680971
681358 681460
681614 681735
681890 681986
682214 682314
682689 682799
682802 682883
682994 683087
683277 683388
683859 683941
684122 684222
684510 684617
684923 685036
685347 685446
685944 686038
686398 686482
686612 686717
687036 687130
687430 687530
687658 687751
688200 688302
688609 688712
689159 689253
689339 689437
689889 689987
690041 690146
690509 690616
691043 691136
691246 691355
691410 691528
691866 691984
692477 692564
692862 692942
692980 693079
693354 693461
693955 694066
694163 694264
694728 694823
694933 695021
695113 695226
695372 695482
695549 695654
696105 696210
696560 696662
696982 697082
697289 697381
697541 697640
698020 698120
698124 698211
698321 698422
698906 699013
699431 699531
699573 699681
700156 700247
700719 700817
701040 701133
701538 701660
702028 702139
702170 702284
702748 702851
703332 703414
703836 703948
704182 704278
704497 704595
704993 705090
705292 705389
705420 705524
705757 705848
706179 706284
706362 706466
706927 707000
707299 707402
707828 707919
708064 708179
708253 708358
708535 708655
708937 709025
709372 709464
709619 709718
710183 710286
710621 710712
711109 711204
711591 711689
712053 712152
712397 712514
712872 712948
713431 713528
713538 713647
713876 713964
714444 714530
714680 714780
714862 714965
715212 715304
715436 715543
715698 715806
715907 716007
716213 716321
716656 716749
716810 716917
716923 717009
717044 717145
717261 717373
717710 717811
718109 718192
718376 718456
718821 718929
719390 719506
719962 720071
720435 720535
720727 720835
721110 721219
721577 721667
722064 722187
722650 722756
723201 723320
723571 723679
723864 723949
724335 724458
724878 724964
725322 725424
725468 725565
725904 726002
726337 726440
726490 726595
727063 727158
727308 727409
727814 727892
728331 728437
728685 728782
729261 729374
729865 729945
730099 730188
730568 730677
730842 730929
731122 731233
731367 731472
731721 731818
732147 732253
732435 732542
732703 732796
733203 733290
733335 733435
733912 734010
734448 734551
734966 735060
735550 735645
736048 736170
736427 736524
736965 737082
737177 737259
737367 737478
737570 737677
737863 737958
738377 738492
738539 738658
739063 739166
739311 739396
739797 739904
740333 740428
740706 740804
740827 740908
741239 741356
741492 741594
741788 741885
741896 742001
742342 742453
742559 742663
742707 742830
742964 743079
743530 743627
743646 743732
743849 743953
744429 744545
744639 744737
745100 745197
745369 745468
745899 746006
746266 746366
746728 746822
746878 746969
747089 747186
747356 747445
747577 747672
747922 748016
748046 748161
748312 748393
748628 748723
749113 749219
749398 749500
749683 749778
749834 749936
750413 750516
750908 750995
751030 751117
751265 751349
751725 751831
751909 752011
752334 752449
752843 752956
753159 753258
753755 753850
754311 754406
754906 755004
755308 755425
755599 755699
755754 755856
756299 756401
756845 756938
757407 757510
757782 757898
758327 758423
758671 758765
759142 759244
759369 759486
759978 760085
760367 760464
760887 760969
761286 761377
761643 761738
762217 762311
762454 762540
762603 762697
763132 763220
763620 763711
763913 764018
764500 764600
764829 764922
765419 765538
765668 765764
766098 766213
766537 766624
766971 767068
767531 767622
767707 767812
767827 767942
768295 768407
768742 768840
769322 769417
769782 769893
770078 770154
770337 770431
770747 770838
770956 771075
771560 771673
771714 771835
772062 772168
772441 772537
772903 773001
773257 773353
773516 773635
774002 774106
774543 774645
775119 775203
775287 775384
775403 775501
775896 775976
776379 776503
776679 776789
776848 776942
777022 777127
777379 777480
777720 777815
777888 777988
778480 778573
778642 778726
779151 779252
779729 779819
780318 780430
780446 780568
780873 780971
781398 781478
781866 781966
781979 782072
782302 782390
782448 782535
782588 782680
783032 783136
783484 783576
783585 783689
783836 783931
784211 784310
784372 784469
784719 784828
785294 785398
785428 785525
785825 785930
786112 786215
786509 786598
786959 787061
787428 787546
787915 788016
788198 788302
788776 788887
789090 789188
789565 789668
790098 790204
790291 790401
790837 790940
790943 791050
791292 791388
791624 791707
791938 792020
792023 792131
792627 792725
792907 793009
793150 793253
793615 793723
793874 793982
794168 794261
794733 794835
795309 795405
795580 795682
796053 796165
796483 796569
797012 797116
797178 797262
797454 797557
797774 797882
798096 798199
798486 798591
798628 798719
799065 799141
799199 799304
799590 799680
799907 800002
800022 800126
800615 800714
800904 800993
801400 801510
801837 801943
802267 802371
802527 802638
802729 802831
802899 802988
803123 803226
803525 803625
803712 803817
804270 804399
804883 804985
805146 805247
805632 805751
806221 806307
806358 806478
806721 806833
806913 807021
807305 807411
807840 807925
808078 808179
808618 808722
809082 809166
809455 809565
809779 809878
810054 810124
810218 810327
810700 810791
810869 810976
811015 811122
811385 811472
811958 812071
812294 812390
812704 812811
813250 813357
813496 813597
813698 813791
813794 813912
813935 814040
814492 814604
814730 814821
814980 815089
815569 815683
816148 816248
816668 816775
817072 817178
817523 817617
817841 817932
818426 818532
818745 818836
819171 819255
819450 819556
819940 820038
820120 820205
820341 820438
820854 820959
821300 821400
821524 821615
822055 822144
822424 822518
822680 822775
823237 823328
823804 823899
824091 824195
824373 824484
824519 824630
824837 824938
825117 825211
825471 825570
826029 826142
826408 826523
826614 826701
826870 826975
827208 827303
827646 827713
828184 828296
828736 828845
829205 829309
829535 829626
830117 830216
830543 830643
831128 831210
831657 831769
831884 831984
832447 832528
832952 833050
833273 833379
833650 833749
833987 834095
834572 834679
834689 834772
835019 835118
835253 835367
835616 835717
836195 836305
836708 836795
836864 836957
837113 837199
837650 837758
837882 837978
838182 838285
838372 838473
838869 838990
839046 839154
839415 839515
839930 840026
840416 840528
840616 840713
841088 841190
841285 841394
841484 841585
842044 842140
842514 842607
842895 842984
843026 843142
843146 843268
843484 843608
844067 844172
844610 844712
845146 845232
845581 845670
846138 846242
846594 846702
846937 847036
847105 847199
847372 847469
847720 847817
847971 848084
848311 848415
848495 848615
848780 848887
849277 849372
849602 849710
850048 850139
850378 850489
850598 850700
851140 851236
851577 851669
851761 851856
852038 852111
852416 852507
852861 852980
853326 853438
853828 853923
854163 854263
854634 854735
854759 854870
854943 855048
855240 855343
855712 855811
855893 855985
856050 856166
856558 856658
857138 857226
857236 857345
857544 857660
857933 858026
858283 858376
858533 858623
859065 859172
859269 859374
859587 859697
859835 859937
860085 860181
860602 860710
860914 861016
861111 861212
861558 861655
861728 861822
862146 862242
862704 862829
863070 863186
863612 863715
863955 864051
864335 864418
864587 864686
864692 864782
865181 865292
865345 865432
865525 865614
865768 865861
866028 866135
866539 866636
867136 867254
867533 867629
867706 867806
867995 868083
868357 868442
868492 868588
868746 868843
869278 869378
869627 869723
870124 870240
870466 870551
871023 871116
871261 871361
871471 871576
871891 871987
872390 872488
872936 873034
873061 873140
873535 873629
873669 873751
873957 874043
874174 874263
874280 874377
874767 874846
874900 874982
875397 875473
875712 875818
876076 876182
876354 876455
876528 876605
876919 877008
877239 877335
877428 877508
877957 878054
878349 878466
878599 878693
879032 879128
879611 879735
880151 880240
880666 880777
880940 881030
881364 881454
881697 881779
881828 881935
882342 882444
882787 882899
883023 883118
883235 883333
883610 883727
884049 884157
884649 884748
884810 884913
885381 885489
885653 885760
885803 885888
886258 886337
886372 886464
886676 886786
887195 887287
887288 887389
887391 887497
887707 887810
888102 888215
888541 888631
889027 889124
889252 889357
889404 889501
889551 889656
889870 889975
890149 890236
890247 890353
890525 890625
890648 890741
891027 891134
891593 891686
891713 891803
892270 892365
892432 892534
893013 893108
893396 893507
893607 893710
893925 894022
894041 894123
894203 894305
894775 894884
895041 895135
895203 895294
895484 895582
895800 895914
896064 896175
896368 896468
896601 896705
897048 897142
897320 897413
897884 897988
898287 898377
898546 898658
898803 898892
898990 899083
899484 899598
899716 899808
900174 900283
900458 900550
900576 900680
900912 901008
901472 901554
901734 901832
902269 902372
902677 902788
903052 903153
903287 903379
903445 903555
903569 903677
903937 904037
904490 904568
904635 904730
904873 904972
905306 905386
905431 905530
905700 905809
906257 906363
906541 906658
906934 907048
907296 907397
907732 907833
908027 908130
908343 908443
908694 908808
909065 909159
909390 909493
909856 909942
910057 910165
910466 910584
910852 910969
911195 911290
911675 911777
911947 912059
912520 912620
912703 912803
913237 913341
913391 913492
913978 914067
914523 914610
914689 914777
914856 914964
915074 915178
915363 915469
915650 915749
916081 916178
916301 916394
916433 916533
916946 917038
917509 917614
917996 918091
918326 918427
918912 919000
919003 919103
919475 919576
919727 919806
920260 920374
920401 920504
920981 921071
921400 921499
921785 921873
922335 922425
922594 922687
922857 922952
923388 923485
923798 923900
924366 924460
924807 924916
925210 925300
925476 925576
925581 925681
926113 926231
926242 926344
926714 926814
927186 927286
927454 927563
927610 927709
928041 928141
928598 928700
928744 928843
929031 929116
929480 929596
929683 929782
930070 930153
930197 930309
930603 930710
930900 930999
931292 931411
931429 931525
931935 932047
932146 932242
932645 932745
933009 933095
933113 933194
933230 933336
933450 933534
933548 933660
933836 933935
934023 934109
934192 934296
934599 934704
935084 935201
935666 935763
935870 935968
936413 936502
936648 936732
936961 937064
937477 937575
937860 937968
938443 938536
939009 939113
939512 939610
939854 939959
940257 940376
940484 940579
941065 941157
941560 941651
941750 941841
941873 941967
942001 942104
942556 942644
942910 943013
943294 943392
943502 943607
943975 944084
944553 944660
944768 944864
945098 945213
945405 945485
945928 946010
946042 946142
946468 946592
946656 946753
946907 947008
947310 947426
947755 947847
947855 947956
948362 948470
948760 948871
949232 949329
949613 949707
949987 950085
950372 950464
950746 950838
951033 951139
951454 951540
951838 951946
952221 952335
952587 952679
952755 952862
953097 953188
953221 953316
953374 953464
953793 953871
954161 954251
954290 954400
954702 954806
954873 954959
955136 955229
955237 955342
955674 955775
955919 956024
956406 956493
956743 956839
957066 957161
957592 957679
957769 957870
958068 958163
958258 958364
958481 958579
958695 958796
959211 959316
959479 959584
959970 960075
960076 960171
960341 960440
960911 961009
961395 961494
961784 961899
961974 962081
962463 962585
962816 962908
963000 963101
963487 963591
963841 963935
964160 964278
964584 964697
964888 964973
965285 965377
965605 965697
966039 966124
966614 966717
966815 966937
967380 967471
967965 968062
968460 968553
968562 968654
968778 968869
968951 969057
969374 969481
969735 969827
970198 970290
970542 970642
970750 970844
971127 971223
971514 971599
971687 971787
971854 971965
972220 972325
972433 972538
972672 972768
972934 973028
973294 973387
973610 973707
973800 973902
974161 974267
974466 974566
974589 974690
975107 975218
975364 975471
975773 975877
976325 976425
976593 976691
976728 976833
977230 977328
977739 977832
977899 978004
978475 978569
978842 978942
979164 979276
979282 979373
979584 979676
979883 979988
980095 980194
980380 980481
980972 981062
981109 981207
981563 981656
981807 981903
982356 982470
982936 983027
983043 983149
983396 983494
983560 983666
983829 983928
984031 984114
984369 984471
984858 984934
985207 985302
985510 985610
985709 985806
986066 986173
986289 986379
986690 986784
986856 986960
987413 987487
987617 987719
987846 987941
988083 988188
988249 988357
988379 988455
988853 988956
989198 989290
989447 989545
989711 989799
989891 989990
990036 990128
990384 990483
990880 990977
991167 991279
991328 991404
991754 991850
992227 992338
992610 992716
993059 993172
993325 993439
993572 993679
994001 994075
994537 994633
995065 995178
995333 995436
995779 995875
996329 996427
996641 996750
997208 997288
997610 997729
997810 997913
997916 998020
998084 998167
998564 998657
999104 999234
999648 999741
999771 999874
999976 1000064
1000178 1000267
1000400 1000504
1000717 1000832
1000842 1000924
1001292 1001391
1001432 1001527
1001539 1001633
1001851 1001955
1002185 1002279
1002513 1002627
1003000 1003099
1003539 1003648
1004087 1004175
1004512 1004625
1004804 1004908
1004966 1005060
1005271 1005374
1005800 1005908
1006351 1006441
1006940 1007054
1007087 1007206
1007677 1007772
1008184 1008277
1008568 1008684
1009123 1009241
1009312 1009414
1009850 1009953
1010441 1010549
1010655 1010761
1010780 1010883
1011304 1011408
1011893 1011975
1012258 1012352
1012477 1012574
1012616 1012714
1012899 1013010
1013031 1013134
1013630 1013718
1013797 1013897
1013961 1014052
1014431 1014523
1014909 1014991
1015294 1015404
1015675 1015769
1015830 1015932
1016379 1016470
1016667 1016762
1016961 1017049
1017378 1017471
1017478 1017572
1017606 1017689
1018083 1018191
1018382 1018498
1018726 1018819
1018929 1019023
1019087 1019193
1019424 1019524
1019625 1019727
1020217 1020318
1020497 1020592
1021076 1021168
1021188 1021290
1021649 1021746
1022106 1022200
1022240 1022342
1022814 1022908
1022909 1023006
1023162 1023258
1023415 1023504
1023954 1024077
1024332 1024436
1024766 1024857
1025101 1025198
1025199 1025317
1025657 1025756
1026182 1026285
1026695 1026796
1027229 1027334
1027708 1027793
1028013 1028130
1028133 1028247
1028680 1028765
1028770 1028882
1029031 1029138
1029379 1029481
1029697 1029792
1029936 1030036
1030381 1030478
1030588 1030653
1030833 1030940
1030969 1031076
1031538 1031645
1031745 1031840
1031919 1032037
1032238 1032332
1032486 1032586
1033078 1033168
1033512 1033599
1033904 1033985
1034347 1034444
1034683 1034792
1035204 1035308
1035612 1035706
1035942 1036034
1036205 1036305
1036459 1036556
1036905 1036989
1037146 1037255
1037258 1037360
1037539 1037619
1037693 1037788
1038085 1038185
1038369 1038469
1038825 1038926
1039237 1039331
1039480 1039590
1039948 1040038
1040317 1040428
1040908 1041011
1041163 1041262
1041423 1041531
1041674 1041780
1042261 1042340
1042837 1042955
1043313 1043410
1043672 1043779
1043906 1044017
1044458 1044547
1044819 1044911
1045192 1045304
1045541 1045660
1045800 1045907
1045962 1046074
1046269 1046381
1046690 1046791
1047243 1047335
1047534 1047634
1048056 1048136
1048560 1048653
1048995 1049092
1049146 1049253
1049314 1049406
1049901 1049996
1050386 1050494
1050527 1050630
1050669 1050767
1051028 1051124
1051385 1051485
1051542 1051622
1052037 1052157
1052345 1052438
1052706 1052802
1053242 1053347
1053684 1053793
1054249 1054348
1054468 1054566
1054874 1054973
1055003 1055096
1055140 1055234
1055699 1055811
1056143 1056239
1056484 1056588
1056855 1056962
1057419 1057513
1057915 1058040
1058104 1058200
1058457 1058560
1058923 1059021
1059227 1059312
1059314 1059415
1059565 1059662
1060093 1060207
1060297 1060400
1060748 1060875
1061314 1061415
1061675 1061774
1062092 1062191
1062403 1062486
1062657 1062761
1062950 1063042
1063458 1063564
1063967 1064066
1064113 1064199
1064687 1064790
1064850 1064961
1064966 1065070
1065351 1065460
1065786 1065880
1065909 1065986
1066346 1066447
1066559 1066668
1066843 1066932
1067399 1067512
1067796 1067897
1068263 1068364
1068381 1068490
1068692 1068786
1068871 1068967
1069207 1069332
1069637 1069753
1069780 1069871
1070165 1070260
1070304 1070403
1070514 1070620
1070757 1070847
1071339 1071452
1071588 1071683
1072103 1072197
1072429 1072531
1072883 1072967
1073126 1073223
1073477 1073558
1073811 1073906
1074291 1074411
1074731 1074826
1074931 1075054
1075290 1075397
1075711 1075833
1076327 1076422
1076882 1076986
1077211 1077308
1077560 1077664
1077797 1077891
1078092 1078160
1078475 1078571
1078885 1078990
1079269 1079365
1079845 1079940
1080170 1080264
1080371 1080474
1080722 1080833
1081075 1081177
1081301 1081411
1081821 1081903
1082321 1082422
1082517 1082618
1082895 1082991
1083422 1083533
1083855 1083967
1084341 1084448
1084455 1084565
1085021 1085167
1085267 1085432
1085499 1085660
1085830 1085971
1086331 1086471
1086751 1086891
1087274 1087393
1087596 1087727
1088172 1088332
1088789 1088928
1088989 1089140
1089440 1089593
1089670 1089811
1090118 1090262
1090599 1090761
1091261 1091403
1091794 1091952
1091974 1092120
1092358 1092494
1092756 1092902
1093262 1093418
1093747 1093879
1094227 1094406
1094673 1094826
1094920 1095057
1095203 1095353
1095713 1095865
1096079 1096227
1096577 1096722
1097034 1097177
1097524 1097668
1097711 1097860
1098256 1098399
1098516 1098662
1098698 1098865
1098940 1099080
1099258 1099399
1099862 1100024
1100452 1100609
1100916 1101057
1101081 1101219
1101225 1101356
1101546 1101692
1101753 1101897
1102164 1102314
1102591 1102757
1103118 1103278
1103654 1103813
1104208 1104345
1104381 1104542
1104871 1105037
1105200 1105367
1105816 1105961
1106305 1106446
1106600 1106755
1106876 1107035
1107242 1107411
1107743 1107876
1108215 1108375
1108817 1108957
1109291 1109437
1109594 1109736
1110120 1110266
1110355 1110508
1110927 1111073
1111277 1111427
1111663 1111822
1112305 1112463
1112730 1112892
1112958 1113098
1113177 1113315
1113460 1113611
1114049 1114186
1114575 1114708
1114912 1115059
1115116 1115275
1115435 1115586
1116029 1116165
1116489 1116655
1116816 1116978
1117461 1117594
1117700 1117861
1118058 1118214
1118381 1118541
1118890 1119037
1119263 1119413
1119723 1119876
1120143 1120296
1120573 1120736
1121002 1121154
1121462 1121620
1121697 1121853
1122297 1122458
1122872 1123021
1123433 1123581
1123883 1124011
1124062 1124230
1124321 1124481
1124916 1125062
1125473 1125622
1125662 1125806
1125844 1125978
1126247 1126397
1126791 1126955
1127449 1127590
1127629 1127791
1128033 1128185
1128488 1128631
1128844 1128997
1129427 1129573
1129857 1129995
1130044 1130184
1130283 1130412
1130420 1130576
1130606 1130773
1131007 1131153
1131295 1131462
1131851 1132011
1132362 1132514
1132778 1132930
1133363 1133513
1133665 1133812
1134072 1134213
1134653 1134797
1135146 1135279
1135524 1135674
1135875 1136019
1136438 1136575
1136750 1136892
1136960 1137122
1137310 1137452
1137458 1137607
1137936 1138098
1138276 1138424
1138627 1138753
1139056 1139216
1139328 1139487
1139597 1139747
1139780 1139939
1140127 1140275
1140596 1140745
1140992 1141143
1141321 1141464
1141930 1142089
1142576 1142738
1142917 1143094
1143327 1143478
1143652 1143807
1143836 1143974
1144291 1144453
1144868 1145025
1145521 1145669
1146002 1146150
1146234 1146369
1146761 1146902
1147207 1147361
1147463 1147617
1147904 1148059
1148225 1148374
1148679 1148842
1148918 1149076
1149449 1149602
1150021 1150169
1150364 1150515
1151001 1151156
1151195 1151350
1151582 1151718
1152195 1152357
1152415 1152561
1152712 1152853
1153235 1153375
1153820 1153976
1154099 1154255
1154321 1154474
1154566 1154711
1154756 1154903
1155199 1155333
1155648 1155789
1155846 1156015
1156354 1156493
1156971 1157107
1157185 1157321
1157545 1157697
1157832 1157958
1158287 1158441
1158909 1159061
1159324 1159493
1159694 1159844
1160148 1160304
1160668 1160814
1161266 1161403
1161633 1161793
1162131 1162268
1162733 1162869
1163244 1163390
1163551 1163729
1163937 1164093
1164160 1164313
1164329 1164481
1164502 1164652
1164806 1164960
1165244 1165383
1165829 1165983
1166322 1166468
1166955 1167098
1167166 1167312
1167431 1167577
1167741 1167889
1167965 1168113
1168403 1168548
1168897 1169038
1169462 1169616
1169900 1170033
1170139 1170283
1170673 1170815
1171000 1171141
1171257 1171408
1171538 1171683
1171793 1171940
1172239 1172402
1172561 1172718
1173147 1173285
1173547 1173726
1174126 1174286
1174635 1174794
1174890 1175037
1175435 1175592
1175915 1176058
1176090 1176250
1176522 1176670
1176782 1176933
1177198 1177348
1177600 1177743
1177957 1178098
1178590 1178755
1179156 1179307
1179391 1179549
1179606 1179749
1179997 1180151
1180324 1180479
1180868 1181025
1181255 1181411
1181589 1181723
1182061 1182221
1182419 1182567
1182871 1183027
1183077 1183230
1183304 1183449
1183473 1183623
1183735 1183887
1183899 1184047
1184126 1184284
1184463 1184619
1184719 1184877
1185218 1185365
1185579 1185708
1186135 1186286
1186526 1186678
1186718 1186860
1187007 1187139
1187605 1187755
1188134 1188274
1188491 1188648
1188950 1189086
1189154 1189298
1189562 1189719
1189934 1190081
1190410 1190559
1190620 1190762
1190815 1190973
1191267 1191424
1191604 1191758
1192025 1192193
1192487 1192641
1192934 1193089
1193187 1193329
1193822 1193987
1194004 1194164
1194246 1194397
1194890 1195034
1195522 1195660
1195737 1195899
1195963 1196115
1196388 1196547
1196795 1196945
1197120 1197260
1197692 1197856
1198142 1198287
1198568 1198717
1198803 1198925
1199039 1199174
1199639 1199790
1199975 1200139
1200386 1200535
1200743 1200891
1201002 1201146
1201226 1201373
1201380 1201534
1201976 1202138
1202336 1202478
1202656 1202817
1202999 1203144
1203355 1203485
1203604 1203761
1203821 1203968
1204436 1204586
1204589 1204737
1204778 1204916
1205279 1205414
1205901 1206037
1206528 1206682
1206988 1207131
1207183 1207325
1207615 1207755
1207951 1208122
1208199 1208332
1208472 1208612
1208702 1208847
1209320 1209461
1209647 1209789
1210169 1210291
1210304 1210455
1210586 1210754
1210950 1211094
1211131 1211281
1211480 1211640
1212002 1212146
1212174 1212324
1212739 1212871
1212894 1213042
1213141 1213280
1213675 1213830
1214168 1214324
1214684 1214840
1215005 1215150
1215379 1215544
1215943 1216102
1216435 1216596
1216843 1217008
1217393 1217548
1217662 1217804
1218041 1218192
1218674 1218836
1219090 1219244
1219357 1219503
1219505 1219663
1220050 1220222
1220292 1220445
1220469 1220616
1221081 1221212
1221619 1221759
1222089 1222222
1222457 1222610
1222664 1222835
1223086 1223237
1223333 1223459
1223602 1223748
1223962 1224108
1224473 1224622
1225057 1225217
1225528 1225678
1225769 1225923
1226250 1226406
1226709 1226865
1226950 1227110
1227182 1227340
1227725 1227870
1228276 1228430
1228580 1228727
1229003 1229142
1229391 1229543
1229892 1230028
1230356 1230515
1230989 1231130
1231234 1231380
1231482 1231634
1231940 1232076
1232254 1232397
1232862 1233025
1233216 1233369
1233388 1233534
1233930 1234077
1234359 1234504
1234884 1235039
1235436 1235598
1235669 1235834
1235999 1236144
1236618 1236782
1237013 1237160
1237449 1237618
1237969 1238126
1238389 1238546
1238752 1238902
1239229 1239385
1239404 1239543
1239853 1240009
1240153 1240318
1240769 1240912
1241167 1241304
1241535 1241690
1241847 1241988
1242096 1242226
1242612 1242769
1242866 1243017
1243235 1243388
1243788 1243942
1244033 1244168
1244528 1244684
1244769 1244931
1244936 1245084
1245189 1245343
1245789 1245926
1246417 1246565
1246950 1247081
1247452 1247614
1248005 1248161
1248579 1248721
1248878 1249020
1249080 1249239
1249729 1249878
1250342 1250501
1250682 1250834
1251178 1251333
1251750 1251883
1252187 1252352
1252484 1252627
1253064 1253217
1253511 1253677
1253681 1253833
1254249 1254400
1254578 1254743
1255162 1255307
1255502 1255655
1256079 1256237
1256592 1256740
1257117 1257291
1257506 1257636
1257674 1257826
1258133 1258293
1258659 1258790
1258997 1259136
1259272 1259416
1259632 1259784
1260066 1260206
1260296 1260448
1260472 1260640
1261133 1261291
1261672 1261826
1262314 1262475
1262640 1262790
1262894 1263035
1263509 1263664
1264115 1264269
1264358 1264498
1264742 1264892
1265127 1265267
1265418 1265569
1265979 1266114
1266614 1266773
1267092 1267249
1267289 1267449
1267535 1267716
1268137 1268288
1268557 1268706
1269204 1269349
1269674 1269849
1270193 1270342
1270527 1270695
1270836 1270986
1271334 1271485
1271939 1272088
1272166 1272322
1272771 1272911
1272942 1273097
1273513 1273665
1273932 1274099
1274417 1274551
1274884 1275039
1275091 1275235
1275552 1275712
1276139 1276311
1276598 1276762
1277096 1277253
1277430 1277591
1277621 1277769
1278161 1278296
1278338 1278500
1278645 1278794
1278811 1278977
1278987 1279159
1279302 1279458
1279725 1279880
1280092 1280238
1280689 1280833
1281037 1281185
1281325 1281471
1281614 1281760
1282191 1282340
1282670 1282835
1283262 1283421
1283436 1283591
1283880 1284017
1284132 1284294
1284491 1284630
1284635 1284787
1285253 1285397
1285889 1286043
1286253 1286405
1286624 1286767
1286826 1286965
1287439 1287593
1288082 1288234
1288311 1288486
1288696 1288848
1289225 1289383
1289469 1289612
1290052 1290194
1290394 1290556
1290643 1290794
1290959 1291108
1291297 1291455
1291583 1291736
1291940 1292094
1292585 1292747
1293097 1293236
1293324 1293448
1293806 1293953
1294162 1294311
1294775 1294905
1294950 1295106
1295228 1295390
1295746 1295893
1296252 1296399
1296605 1296744
1296955 1297113
1297136 1297268
1297579 1297717
1298176 1298322
1298811 1298961
1299227 1299362
1299530 1299680
1300160 1300303
1300423 1300585
1301002 1301152
1301174 1301319
1301518 1301679
1301808 1301949
1302319 1302464
1302472 1302606
1302787 1302944
1303316 1303477
1303790 1303947
1304428 1304573
1304667 1304818
1305152 1305288
1305711 1305868
1306151 1306308
1306710 1306846
1306882 1307042
1307056 1307224
1307237 1307381
1307544 1307711
1308104 1308255
1308628 1308791
1308851 1309020
1309318 1309476
1309500 1309651
1309983 1310142
1310261 1310422
1310729 1310873
1311013 1311154
1311581 1311744
1312140 1312286
1312764 1312915
1313181 1313333
1313650 1313805
1314071 1314214
1314329 1314470
1314912 1315054
1315492 1315636
1316105 1316239
1316568 1316725
1316801 1316960
1317410 1317569
1317789 1317940
1318336 1318495
1318902 1319059
1319102 1319251
1319588 1319742
1319777 1319916
1320141 1320307
1320740 1320895
1320974 1321108
1321448 1321613
1321630 1321779
1322162 1322312
1322422 1322562
1322993 1323134
1323279 1323447
1323626 1323787
1324004 1324173
1324378 1324518
1324840 1324981
1325441 1325574
1325834 1325986
1326139 1326294
1326510 1326663
1327003 1327169
1327325 1327482
1327871 1328016
1328313 1328462
1328558 1328712
1328890 1329053
1329382 1329527
1329684 1329850
1330225 1330389
1330409 1330549
1330951 1331111
1331498 1331652
1331815 1331967
1332144 1332285
1332561 1332721
1332974 1333112
1333507 1333665
1333929 1334074
1334563 1334720
1334827 1334995
1335310 1335469
1335937 1336089
1336141 1336295
1336774 1336934
1337220 1337363
1337686 1337829
1338081 1338235
1338692 1338834
1339274 1339436
1339443 1339585
1340034 1340184
1340617 1340775
1341017 1341160
1341324 1341472
1341698 1341849
1342028 1342198
1342554 1342701
1342872 1342982
1343033 1343185
1343557 1343715
1344104 1344258
1344702 1344855
1344974 1345110
1345198 1345348
1345459 1345618
1345984 1346137
1346334 1346492
1346747 1346903
1347289 1347430
1347565 1347728
1347964 1348123
1348580 1348728
1349145 1349313
1349609 1349744
1350224 1350375
1350811 1350953
1351294 1351434
1351778 1351910
1351930 1352099
1352556 1352708
1352772 1352924
1353124 1353279
1353694 1353859
1354072 1354224
1354340 1354490
1354602 1354757
1355133 1355279
1355447 1355607
1356044 1356173
1356577 1356733
1356746 1356890
1357217 1357381
1357663 1357801
1358098 1358228
1358547 1358705
1359045 1359190
1359488 1359640
1359874 1360027
1360343 1360480
1360694 1360837
1361287 1361444
1361557 1361711
1362132 1362289
1362770 1362914
1363066 1363217
1363555 1363712
1364077 1364236
1364422 1364557
1364817 1364975
1365420 1365577
1365694 1365839
1365983 1366134
1366532 1366696
1367074 1367207
1367298 1367442
1367558 1367712
1367801 1367949
1368114 1368264
1368532 1368657
1369106 1369272
1369657 1369793
1369905 1370053
1370137 1370287
1370433 1370601
1370870 1371007
1371297 1371458
1371517 1371672
1371738 1371879
1371955 1372107
1372604 1372763
1372896 1373051
1373250 1373384
1373710 1373864
1374240 1374384
1374417 1374558
1374857 1375006
1375473 1375622
1375955 1376109
1376156 1376315
1376465 1376627
1376781 1376926
1377003 1377159
1377363 1377507
1377923 1378084
1378269 1378419
1378576 1378732
1378990 1379149
1379423 1379575
1380062 1380201
1380636 1380788
1381164 1381321
1381594 1381747
1382188 1382326
1382371 1382521
1382673 1382821
1382958 1383101
1383363 1383512
1383543 1383690
1383947 1384095
1384403 1384561
1384749 1384916
1385012 1385162
1385660 1385807
1386062 1386209
1386383 1386522
1386986 1387135
1387181 1387325
1387428 1387574
1387865 1388005
1388143 1388281
1388364 1388518
1388649 1388797
1389030 1389170
1389527 1389690
1389831 1389997
1390283 1390449
1390921 1391082
1391093 1391244
1391613 1391756
1392120 1392280
1392709 1392853
1393167 1393311
1393477 1393620
1394113 1394272
1394428 1394588
1394825 1394976
1395466 1395613
1395957 1396109
1396246 1396389
1396587 1396743
1396956 1397092
1397251 1397388
1397664 1397813
1397839 1397982
1398156 1398294
1398656 1398823
1399294 1399449
1399909 1400070
1400508 1400654
1400765 1400919
1401254 1401424
1401769 1401926
1402259 1402416
1402569 1402710
1403167 1403338
1403581 1403714
1403971 1404128
1404329 1404489
1404642 1404794
1405179 1405331
1405475 1405617
1405792 1405937
1406395 1406550
1406709 1406862
1407018 1407184
1407287 1407441
1407581 1407725
1408008 1408159
1408225 1408361
1408416 1408575
1408792 1408941
1409061 1409213
1409658 1409810
1410151 1410295
1410759 1410918
1411000 1411155
1411156 1411310
1411485 1411615
1411695 1411839
1411969 1412114
1412418 1412555
1413008 1413159
1413342 1413497
1413920 1414057
1414363 1414510
1414796 1414943
1414989 1415150
1415584 1415729
1416171 1416313
1416396 1416532
1416739 1416874
1416912 1417066
1417225 1417367
1417415 1417572
1417663 1417792
1417930 1418084
1418256 1418418
1418761 1418914
1418953 1419109
1419265 1419425
1419538 1419676
1420123 1420274
1420472 1420613
1420624 1420781
1421130 1421305
1421774 1421926
1422230 1422377
1422410 1422559
1422587 1422743
1422809 1422947
1423335 1423473
1423759 1423910
1424287 1424445
1424555 1424711
1424910 1425061
1425197 1425349
1425731 1425888
1426085 1426233
1426307 1426466
1426729 1426878
1427268 1427421
1427599 1427748
1428160 1428300
1428529 1428670
1429098 1429239
1429480 1429634
1429800 1429951
1430044 1430202
1430630 1430773
1431125 1431290
1431313 1431465
1431554 1431710
1432176 1432322
1432537 1432697
1433139 1433290
1433339 1433490
1433508 1433652
1434001 1434148
1434340 1434496
1434901 1435060
1435330 1435495
1435878 1436019
1436195 1436322
1436497 1436639
1437088 1437253
1437731 1437863
1438079 1438232
1438376 1438525
1438826 1438998
1439221 1439366
1439729 1439877
1440244 1440413
1440774 1440932
1441385 1441528
1441974 1442109
1442242 1442395
1442856 1443008
1443239 1443388
1443577 1443732
1443742 1443887
1444373 1444501
1444960 1445120
1445321 1445471
1445663 1445816
1445917 1446075
1446406 1446549
1446903 1447060
1447310 1447474
1447795 1447940
1448161 1448310
1448450 1448616
1448910 1449040
1449335 1449458
1449958 1450102
1450590 1450748
1450947 1451091
1451546 1451678
1452054 1452209
1452345 1452501
1452860 1453017
1453172 1453321
1453708 1453868
1454146 1454304
1454474 1454633
1454670 1454823
1455143 1455294
1455399 1455537
1455714 1455878
1456045 1456203
1456422 1456576
1456774 1456933
1456943 1457075
1457547 1457697
1457872 1458021
1458063 1458216
1458478 1458630
1458818 1458960
1459048 1459192
1459573 1459733
1459790 1459927
1460394 1460536
1460952 1461102
1461464 1461613
1461791 1461958
1462000 1462148
1462159 1462321
1462570 1462726
1462906 1463041
1463308 1463442
1463862 1464015
1464313 1464475
1464547 1464718
1464772 1464912
1464935 1465083
1465146 1465302
1465332 1465485
1465984 1466146
1466449 1466593
1466822 1466985
1467356 1467515
1467647 1467786
1468244 1468409
1468774 1468925
1469168 1469325
1469343 1469504
1469542 1469689
1470025 1470176
1470529 1470690
1471068 1471218
1471653 1471817
1472203 1472365
1472718 1472872
1473314 1473456
1473708 1473862
1474060 1474201
1474429 1474580
1474931 1475074
1475541 1475683
1475842 1475989
1476155 1476309
1476602 1476748
1476775 1476919
1477242 1477392
1477776 1477921
1477968 1478117
1478495 1478649
1478862 1478996
1479349 1479490
1479503 1479648
1479840 1479975
1480258 1480410
1480631 1480780
1480806 1480956
1481409 1481556
1481718 1481876
1482363 1482508
1482987 1483132
1483146 1483283
1483743 1483895
1484000 1484145
1484572 1484720
1485089 1485252
1485630 1485775
1485931 1486090
1486280 1486443
1486805 1486937
1487350 1487504
1487568 1487697
1488061 1488205
1488273 1488427
1488860 1489015
1489417 1489567
1489947 1490103
1490530 1490686
1491004 1491170
1491239 1491382
1491552 1491702
1492055 1492205
1492633 1492770
1492863 1493022
1493485 1493633
1493819 1493976
1494084 1494228
1494431 1494582
1494972 1495126
1495150 1495301
1495645 1495793
1496006 1496162
1496414 1496553
1496591 1496739
1496792 1496937
1496985 1497141
1497482 1497620
1498070 1498209
1498483 1498624
1498898 1499045
1499264 1499398
1499479 1499618
1499866 1500009
1500072 1500223
1500525 1500667
1500819 1500973
1501306 1501455
1501885 1502040
1502282 1502441
1502762 1502910
1502996 1503140
1503600 1503757
1504031 1504185
1504577 1504737
1504746 1504911
1505061 1505204
1505488 1505630
1506086 1506252
1506416 1506572
1506911 1507048
1507107 1507267
1507705 1507880
1508019 1508163
1508262 1508407
1508592 1508734
1508989 1509127
1509166 1509315
1509570 1509720
1510142 1510303
1510389 1510546
1511003 1511138
1511170 1511325
1511391 1511525
1511902 1512056
1512337 1512490
1512577 1512719
1512862 1513028
1513518 1513673
1513724 1513877
1514089 1514239
1514287 1514423
1514667 1514801
1515202 1515356
1515455 1515608
1515664 1515817
1515869 1516002
1516130 1516284
1516297 1516450
1516487 1516640
1517110 1517268
1517589 1517748
1517827 1517971
1518416 1518557
1518709 1518846
1518991 1519135
1519343 1519493
1519745 1519901
1520211 1520365
1520547 1520685
1520735 1520891
1521252 1521412
1521465 1521649
1521731 1521891
1521946 1522096
1522498 1522647
1522870 1523003
1523321 1523472
1523697 1523848
1524098 1524268
1524748 1524895
1525131 1525295
1525350 1525508
1525758 1525911
1525977 1526123
1526563 1526713
1526967 1527135
1527144 1527279
1527667 1527831
1527840 1527986
1528042 1528183
1528636 1528788
1528867 1529022
1529088 1529231
1529260 1529401
1529756 1529909
1530124 1530249
1530731 1530895
1531062 1531211
1531303 1531463
1531712 1531837
1532107 1532249
1532581 1532736
1533196 1533340
1533768 1533928
1534155 1534299
1534710 1534847
1534890 1535042
1535213 1535357
1535417 1535562
1535785 1535953
1536222 1536379
1536805 1536945
1537334 1537498
1537526 1537667
1537838 1538001
1538073 1538229
1538585 1538741
1538976 1539123
1539611 1539756
1539806 1539970
1540331 1540473
1540692 1540845
1540983 1541126
1541365 1541504
1541624 1541785
1542125 1542286
1542369 1542513
1542549 1542694
1542898 1543046
1543449 1543607
1543800 1543933
1544034 1544199
1544583 1544723
1545008 1545153
1545225 1545380
1545429 1545592
1545685 1545839
1545903 1546051
1546550 1546700
1547145 1547290
1547592 1547755
1548254 1548384
1548827 1548987
1549191 1549354
1549594 1549736
1550047 1550196
1550622 1550764
1550795 1550949
1551209 1551342
1551616 1551768
1552065 1552230
1552359 1552497
1552919 1553063
1553494 1553662
1554145 1554291
1554581 1554721
1555120 1555273
1555621 1555766
1555927 1556097
1556383 1556521
1556661 1556811
1556976 1557124
1557459 1557623
1558016 1558181
1558661 1558808
1559161 1559318
1559493 1559652
1560063 1560207
1560269 1560426
1560697 1560832
1560847 1561003
1561095 1561261
1561587 1561728
1561902 1562035
1562476 1562618
1562871 1563022
1563075 1563228
1563299 1563441
1563848 1563991
1564050 1564212
1564446 1564607
1564901 1565054
1565464 1565593
1565998 1566153
1566519 1566663
1566913 1567071
1567137 1567308
1567380 1567526
1567600 1567766
1568089 1568244
1568705 1568848
1569087 1569241
1569596 1569733
1569809 1569959
1570356 1570527
1570582 1570755
1570800 1570961
1571433 1571594
1571881 1572037
1572108 1572258
1572619 1572772
1573168 1573305
1573789 1573954
1574008 1574166
1574202 1574357
1574484 1574640
1574750 1574884
1575111 1575250
1575583 1575724
1576162 1576321
1576340 1576487
1576848 1577004
1577290 1577454
1577485 1577638
1577818 1577977
1578208 1578354
1578643 1578793
1578841 1578976
1579235 1579397
1579606 1579759
1579852 1579995
1580313 1580465
1580481 1580619
1580768 1580915
1581285 1581429
1581897 1582057
1582218 1582366
1582551 1582719
1582947 1583089
1583527 1583671
1583878 1584040
1584412 1584548
1584816 1584957
1585311 1585459
1585501 1585648
1586008 1586165
1586174 1586334
1586789 1586933
1587168 1587326
1587337 1587476
1587944 1588096
1588564 1588700
1588974 1589131
1589478 1589613
1590113 1590254
1590372 1590540
1590725 1590872
1591109 1591261
1591746 1591905
1591947 1592116
1592357 1592490
1592745 1592891
1593309 1593454
1593578 1593719
1593750 1593889
1594354 1594506
1594562 1594706
1595101 1595263
1595459 1595612
1596066 1596217
1596371 1596518
1596574 1596726
1596783 1596925
1597319 1597468
1597727 1597885
1598357 1598489
1598784 1598933
1599371 1599516
1599885 1600042
1600200 1600348
1600638 1600792
1600974 1601126
1601580 1601743
1602142 1602312
1602344 1602492
1602874 1603034
1603062 1603204
1603381 1603520
1603612 1603757
1603851 1604019
1604102 1604259
1604487 1604654
1604928 1605073
1605543 1605694
1605815 1605967
1606417 1606555
1606856 1607019
1607091 1607238
1607534 1607691
1608169 1608326
1608712 1608852
1609352 1609507
1609697 1609839
1610099 1610254
1610500 1610621
1610879 1611030
1611044 1611199
1611644 1611813
1612194 1612344
1612655 1612798
1613156 1613299
1613573 1613714
1614088 1614243
1614720 1614856
1614904 1615058
1615520 1615668
1615899 1616050
1616350 1616505
1616988 1617121
1617407 1617551
1617578 1617734
1617917 1618058
1618389 1618546
1618724 1618868
1619259 1619408
1619455 1619608
1619890 1620042
1620118 1620286
1620578 1620709
1620809 1620958
1621229 1621384
1621453 1621598
1621950 1622095
1622154 1622310
1622570 1622717
1623124 1623264
1623301 1623450
1623469 1623640
1623870 1624022
1624511 1624672
1625108 1625268
1625709 1625872
1625984 1626131
1626447 1626602
1627034 1627204
1627607 1627758
1628077 1628223
1628639 1628796
1629228 1629381
1629494 1629634
1629799 1629953
1630192 1630336
1630607 1630752
1630903 1631044
1631123 1631270
1631464 1631605
1631797 1631946
1632043 1632208
1632547 1632704
1633013 1633146
1633525 1633677
1633928 1634092
1634210 1634374
1634806 1634944
1634951 1635098
1635370 1635519
1635805 1635959
1635960 1636108
1636279 1636426
1636634 1636775
1636939 1637065
1637508 1637657
1638029 1638169
1638222 1638367
1638824 1638955
1639426 1639569
1639781 1639945
1640274 1640408
1640664 1640830
1640870 1641020
1641468 1641625
1641630 1641791
1641877 1642026
1642074 1642231
1642297 1642441
1642920 1643077
1643440 1643584
1643725 1643876
1644229 1644376
1644781 1644937
1645307 1645455
1645632 1645781
1645790 1645941
1645960 1646113
1646578 1646750
1647076 1647235
1647698 1647845
1648158 1648302
1648313 1648467
1648949 1649122
1649140 1649292
1649649 1649808
1650244 1650414
1650663 1650801
1651296 1651448
1651817 1651974
1651987 1652128
1652469 1652615
1652672 1652827
1653125 1653291
1653687 1653826
1654033 1654201
1654389 1654542
1654718 1654869
1654994 1655141
1655262 1655432
1655556 1655714
1655738 1655903
1655952 1656096
1656457 1656615
1656619 1656754
1657174 1657309
1657795 1657933
1658066 1658211
1658430 1658564
1658664 1658817
1658950 1659092
1659410 1659559
1659963 1660115
1660223 1660373
1660412 1660578
1661029 1661174
1661601 1661755
1662144 1662311
1662679 1662810
1663197 1663350
1663388 1663559
1663682 1663828
1664226 1664384
1664665 1664812
1665215 1665363
1665764 1665919
1665984 1666128
1666281 1666423
1666441 1666596
1666599 1666758
1667207 1667353
1667492 1667648
1668057 1668205
1668393 1668547
1668784 1668928
1669322 1669461
1669829 1669989
1670425 1670585
1671040 1671199
1671418 1671573
1671888 1672045
1672347 1672483
1672840 1672990
1673105 1673255
1673294 1673458
1673799 1673934
1673963 1674131
1674357 1674494
1674671 1674830
1675072 1675205
1675428 1675569
1675804 1675946
1676118 1676268
1676395 1676547
1676972 1677148
1677288 1677463
1677594 1677735
1678110 1678260
1678264 1678401
1678568 1678730
1679129 1679277
1679761 1679901
1679936 1680095
1680467 1680633
1680844 1681003
1681225 1681380
1681631 1681793
1682244 1682402
1682709 1682857
1683263 1683427
1683924 1684079
1684105 1684265
1684676 1684828
1685264 1685421
1685593 1685739
1685762 1685917
1686171 1686317
1686670 1686813
1686990 1687130
1687174 1687323
1687720 1687860
1688277 1688438
1688526 1688675
1688746 1688880
1689338 1689497
1689754 1689900
1689937 1690080
1690308 1690468
1690504 1690652
1690778 1690925
1691278 1691443
1691847 1692007
1692078 1692232
1692366 1692517
1692597 1692762
1692767 1692914
1693002 1693158
1693335 1693471
1693788 1693942
1693979 1694133
1694564 1694726
1695108 1695258
1695514 1695670
1696019 1696172
1696434 1696594
1696857 1697005
1697099 1697238
1697532 1697683
1697746 1697895
1698321 1698468
1698494 1698639
1698731 1698899
1699019 1699167
1699332 1699482
1699812 1699971
1700032 1700191
1700683 1700831
1701058 1701207
1701490 1701655
1701681 1701831
1702058 1702213
1702582 1702737
1703028 1703178
1703554 1703688
1703976 1704132
1704505 1704648
1704669 1704822
1705080 1705216
1705225 1705370
1705452 1705615
1705837 1706004
1706420 1706559
1706632 1706768
1707093 1707257
1707688 1707824
1708052 1708205
1708401 1708570
1708795 1708955
1709144 1709287
1709391 1709532
1709674 1709837
1710021 1710167
1710554 1710733
1710970 1711121
1711231 1711385
1711636 1711790
1711917 1712083
1712455 1712594
1712711 1712870
1713125 1713269
1713489 1713651
1713952 1714111
1714471 1714646
1714938 1715075
1715541 1715691
1716055 1716197
1716333 1716489
1716817 1716971
1717367 1717514
1717571 1717729
1717941 1718091
1718241 1718391
1718614 1718760
1719181 1719330
1719773 1719918
1720172 1720327
1720554 1720709
1720841 1720986
1721385 1721533
1721636 1721781
1722104 1722246
1722741 1722905
1723050 1723186
1723338 1723487
1723915 1724051
1724210 1724370
1724646 1724799
1725023 1725182
1725377 1725547
1725842 1725987
1726026 1726199
1726655 1726797
1727237 1727392
1727429 1727583
1727704 1727854
1727996 1728152
1728502 1728631
1729124 1729267
1729738 1729900
1730297 1730451
1730941 1731097
1731100 1731256
1731600 1731768
1732080 1732232
1732256 1732408
1732591 1732723
1733053 1733202
1733479 1733624
1733888 1734035
1734103 1734247
1734321 1734470
1734759 1734895
1735076 1735219
1735573 1735723
1736177 1736324
1736469 1736633
1736690 1736832
1737235 1737401
1737820 1737973
1738182 1738319
1738715 1738877
1739201 1739358
1739737 1739884
1739971 1740104
1740488 1740619
1740826 1740984
1741345 1741491
1741588 1741731
1742075 1742219
1742459 1742612
1742817 1742960
1743366 1743521
1743686 1743825
1743849 1744013
1744407 1744550
1744771 1744927
1745299 1745446
1745893 1746056
1746414 1746553
1746681 1746848
1747290 1747431
1747878 1748015
1748150 1748294
1748358 1748505
1748990 1749146
1749343 1749499
1749941 1750089
