429 529
878 919
1036 1049
1215 1248
1333 1367
1816 1885
2170 2219
2690 2778
2998 3042
3194 3258
3352 3354
3610 3672
3910 3965
4419 4454
4687 4708
4814 4904
4952 4967
5025 5060
5382 5424
5555 5626
5773 5868
6027 6054
6285 6359
6483 6572
6630 6678
6827 6874
7079 7094
7203 7233
7696 7738
8219 8292
8537 8582
8994 9048
9077 9106
9246 9332
9486 9517
9910 9970
9990 10004
10300 10305
10651 10739
10977 11053
11398 11464
11696 11741
11973 12046
12201 12217
12683 12744
13025 13049
13378 13430
13856 13910
14124 14155
14235 14252
14550 14570
14861 14922
15240 15253
15687 15707
15937 15986
16170 16182
16236 16274
16505 16602
16811 16910
16989 17086
17099 17106
17237 17298
17390 17397
17605 17609
18030 18089
18136 18144
18604 18651
19013 19050
19359 19383
19561 19569
20067 20095
20228 20269
20429 20454
20762 20802
20816 20916
21322 21346
21354 21379
21867 21884
22031 22047
22137 22194
22353 22359
22580 22626
22917 23009
23395 23435
23935 23955
24138 24194
24613 24647
24708 24799
24841 24848
25241 25293
25387 25388
25599 25689
25729 25805
26272 26288
26530 26564
26590 26663
26709 26778
26862 26879
27152 27201
27571 27653
27801 27857
27928 28011
28013 28042
28495 28537
28804 28853
28923 29012
29043 29136
29322 29340
29728 29777
30071 30092
30167 30207
30219 30304
30386 30485
30926 30994
31393 31436
31439 31456
31859 31958
32340 32428
32635 32675
32689 32766
33199 33200
33586 33645
34101 34116
34344 34378
34656 34669
35169 35222
35267 35356
35673 35682
35957 36057
36134 36228
36424 36513
36642 36658
36774 36829
37225 37264
37689 37734
37739 37789
38082 38105
38199 38220
38530 38542
38842 38895
39142 39203
39475 39560
40046 40124
40321 40403
40413 40455
40900 40924
41395 41444
41680 41745
41853 41936
41995 42051
42514 42575
43044 43092
43094 43154
43336 43388
43592 43622
43951 44007
44136 44152
44645 44716
44747 44838
44985 45045
45113 45129
45263 45298
45632 45657
45761 45832
46245 46291
46752 46826
47304 47370
47605 47703
48017 48105
48525 48588
48925 48939
49398 49426
49429 49489
49654 49704
50012 50043
50513 50607
50730 50759
50831 50853
51347 51416
51907 51985
52128 52134
52421 52471
52774 52835
53073 53161
53293 53297
53601 53602
53879 53960
54363 54433
54447 54491
54815 54883
55007 55015
55397 55402
55538 55609
55692 55693
56042 56117
56363 56397
56763 56801
57083 57131
57324 57358
57471 57507
57716 57734
57793 57817
57874 57943
58013 58037
58309 58341
58520 58619
58985 59010
59185 59238
59550 59574
60027 60095
60461 60552
60679 60755
61045 61064
61187 61253
61635 61678
61951 62032
62129 62141
62605 62645
62676 62695
63177 63260
63577 63671
64012 64016
64203 64220
64317 64361
64387 64427
64841 64859
65150 65203
65593 65605
66069 66115
66161 66225
66512 66529
66905 66917
66960 66974
67318 67383
67725 67746
67770 67810
68306 68345
68405 68447
68618 68696
69108 69172
69392 69453
69946 70040
70453 70476
70595 70695
70970 70989
71093 71171
71315 71317
71647 71715
72152 72221
72705 72759
73069 73139
73592 73653
74002 74059
74557 74645
75141 75219
75578 75659
75965 75967
76233 76274
76512 76601
77033 77121
77527 77553
77670 77732
77987 78052
78070 78166
78264 78279
78632 78701
79027 79043
79240 79327
79567 79624
79818 79866
80090 80111
80353 80373
80780 80819
81169 81253
81739 81802
81957 82036
82350 82363
82716 82724
82946 82970
83056 83149
83445 83456
83854 83914
83929 83933
83992 84078
84143 84230
84584 84656
84932 85006
85428 85513
86002 86050
86399 86469
86691 86729
86965 87011
87018 87036
87240 87279
87597 87623
87871 87931
87989 88005
88260 88358
88605 88663
88939 89032
89079 89173
89340 89364
89431 89483
89931 89981
90092 90173
90605 90661
91014 91039
91393 91415
91578 91658
92156 92243
92692 92694
92754 92854
93163 93211
93552 93612
93616 93702
93817 93831
93885 93886
94170 94237
94696 94732
95074 95135
95379 95470
95935 95970
96293 96390
96658 96705
96862 96906
97362 97386
97435 97533
97919 97955
98434 98487
98666 98760
99088 99131
99560 99649
99779 99840
100118 100154
100418 100488
100711 100741
100885 100913
101337 101419
101653 101654
101770 101841
101856 101896
101928 101954
102088 102103
102441 102533
102541 102610
102897 102913
103221 103287
103374 103393
103450 103516
103704 103758
103876 103878
104259 104345
104681 104773
105071 105163
105298 105338
105510 105538
105759 105790
105823 105826
105828 105904
106149 106170
106178 106204
106271 106363
106738 106775
107237 107273
107373 107424
107897 107915
108351 108392
108444 108544
108933 108993
109491 109576
109940 110037
110090 110121
110306 110373
110414 110477
110846 110854
110889 110980
111039 111116
111165 111222
111608 111609
111843 111932
112082 112124
112141 112142
112451 112509
112937 113005
113357 113428
113775 113818
114141 114185
114390 114430
114804 114840
115007 115092
115145 115170
115618 115695
115787 115860
116183 116234
116593 116648
116756 116777
117193 117232
117566 117608
118084 118165
118416 118430
118821 118913
118995 119043
119533 119593
119662 119714
119729 119733
120151 120194
120602 120610
120826 120917
120940 120966
121240 121276
121407 121494
121760 121794
122009 122044
122517 122576
122695 122757
123169 123195
123563 123663
123817 123853
124048 124118
124484 124518
124752 124784
124880 124930
125331 125358
125394 125491
125710 125725
125819 125894
126168 126251
126492 126552
126695 126747
126804 126854
127040 127062
127065 127089
127242 127288
127783 127820
127976 128044
128144 128146
128247 128344
128819 128841
129207 129256
129480 129544
129630 129637
129648 129702
130086 130149
130388 130427
130761 130854
131084 131135
131391 131430
131469 131512
131683 131777
131890 131925
132186 132239
132450 132490
132605 132661
133097 133107
133251 133254
133371 133453
133714 133799
133957 133975
134077 134114
134222 134251
134579 134632
134796 134875
134983 135078
135357 135374
135809 135828
135928 135971
136288 136370
136761 136786
136973 137016
137415 137419
137862 137884
138160 138192
138677 138765
139158 139161
139425 139433
139795 139854
139900 139977
140410 140437
140649 140734
140828 140878
141042 141139
141149 141243
141670 141690
142077 142106
142267 142281
142771 142772
143228 143264
143702 143727
144012 144074
144178 144278
144438 144472
144929 144995
145129 145138
145224 145279
145503 145552
145680 145730
145860 145901
146234 146244
146486 146560
146672 146708
146848 146920
146999 147093
147371 147439
147774 147834
148058 148138
148356 148446
148849 148862
148926 148934
149077 149079
149434 149482
149769 149785
149824 149874
150367 150466
150473 150509
150921 151015
151193 151205
151418 151429
151918 151994
152289 152344
152428 152443
152804 152830
153247 153317
153459 153532
153909 154006
154109 154136
154444 154453
154590 154610
154739 154809
154939 155033
155116 155192
155518 155552
155610 155632
155893 155959
156438 156515
156806 156856
157002 157067
157249 157312
157317 157349
157407 157469
157683 157696
158149 158153
158575 158664
158763 158782
159137 159210
159296 159328
159567 159596
159649 159709
160054 160132
160138 160157
160365 160387
160836 160861
161312 161364
161595 161670
162099 162163
162635 162680
162878 162968
162979 163034
163522 163610
163733 163746
164215 164297
164578 164675
164708 164749
165011 165093
165452 165494
165747 165752
165953 166003
166167 166227
166255 166267
166523 166538
166910 166941
167005 167082
167457 167501
167923 167942
168137 168179
168191 168221
168624 168678
169166 169187
169568 169578
170040 170066
170142 170171
170619 170635
170989 171047
171093 171096
171450 171519
171592 171659
172089 172187
172583 172670
172761 172810
173265 173341
173630 173640
173885 173944
174281 174343
174583 174658
174939 175022
175352 175393
175814 175885
176251 176255
176687 176718
177209 177291
177666 177678
177918 178001
178162 178253
178416 178500
178837 178909
179361 179405
179708 179734
180102 180174
180262 180272
180705 180759
180806 180826
181253 181336
181427 181492
181934 181979
182111 182150
182262 182265
182416 182451
182453 182494
182523 182593
183009 183082
183305 183356
183571 183634
183715 183733
184046 184135
184202 184302
184782 184817
185203 185273
185722 185769
185859 185908
186377 186399
186848 186942
187167 187228
187497 187552
187717 187755
188130 188195
188627 188663
189097 189125
189259 189277
189601 189646
189882 189896
190247 190341
190569 190613
190892 190954
191389 191407
191521 191584
191666 191729
191971 192020
192295 192343
192572 192574
192629 192720
193082 193124
193369 193388
193673 193724
193906 194003
194382 194460
194645 194736
194930 195024
195146 195173
195571 195663
195892 195924
196263 196332
196474 196546
196721 196789
197031 197087
197315 197354
197504 197542
198000 198081
198333 198416
198443 198472
198565 198664
198905 198976
198986 199028
199496 199537
199609 199680
199810 199844
200192 200240
200452 200500
200608 200677
200727 200741
201182 201276
201473 201509
201740 201748
202142 202182
202609 202693
203032 203033
203355 203425
203565 203661
203858 203956
203977 203987
203990 204009
204294 204311
204438 204465
204614 204644
204895 204971
205234 205322
205610 205618
205836 205906
206004 206014
206501 206559
206911 206929
207075 207137
207566 207604
207775 207819
207928 207983
208392 208468
208526 208562
208997 209063
209462 209497
209866 209924
210067 210134
210633 210730
211062 211112
211446 211459
211846 211890
212346 212368
212481 212577
212612 212632
212639 212718
212892 212943
213390 213416
213849 213948
214134 214168
214640 214685
214943 214944
215306 215336
215377 215455
215759 215840
216067 216072
216447 216470
216774 216866
216972 217030
217343 217364
217665 217683
218180 218235
218482 218562
219022 219067
219398 219445
219659 219679
219841 219910
219961 219983
220296 220360
220835 220850
221221 221314
221385 221401
221847 221875
222063 222098
222438 222509
222888 222973
223058 223104
223186 223266
223583 223593
223796 223829
223983 224065
224446 224498
224558 224632
225000 225056
225542 225637
225795 225805
226211 226267
226670 226723
227003 227091
227554 227607
228049 228086
228282 228346
228572 228591
228682 228751
228809 228888
229282 229382
229855 229942
230378 230440
230498 230527
230763 230856
230972 230977
231008 231068
231236 231308
231685 231691
231709 231783
232149 232198
232267 232277
232603 232642
232823 232882
233150 233164
233581 233642
233669 233701
234025 234032
234158 234170
234352 234385
234391 234481
234658 234752
234944 234958
235181 235210
235679 235760
235989 236018
236445 236487
236858 236872
237369 237462
237911 237926
238412 238502
238506 238537
238795 238819
239185 239256
239745 239810
239837 239926
240205 240288
240545 240563
241046 241080
241120 241121
241206 241225
241472 241565
241766 241864
242137 242199
242381 242425
242573 242618
242626 242674
242861 242945
243340 243394
243597 243685
243732 243762
243958 244010
244281 244316
244650 244718
244891 244924
245114 245206
245601 245679
245969 246067
246434 246501
246832 246929
247255 247337
247799 247890
248000 248007
248187 248236
248688 248707
248709 248791
248793 248825
249176 249194
249554 249570
249898 249950
250158 250241
250640 250658
251099 251126
251272 251350
251777 251833
252224 252292
252399 252484
252496 252555
252857 252869
252918 252959
253296 253341
253404 253420
253665 253737
253963 254038
254299 254322
254554 254642
254941 255041
255114 255161
255227 255240
255735 255740
256153 256176
256292 256324
256513 256533
256699 256703
256715 256731
256898 256942
256969 257044
257248 257310
257728 257759
257825 257886
258168 258202
258532 258568
258961 259024
259514 259602
259859 259952
260358 260396
260886 260949
261391 261401
261677 261746
261774 261813
261970 262045
262440 262536
262662 262740
262901 262949
263074 263145
263540 263568
264022 264103
264173 264175
264668 264685
264686 264731
264953 264995
265262 265279
265418 265476
265798 265806
265909 265924
265930 266010
266504 266581
266697 266729
267196 267265
267658 267674
267712 267766
267880 267899
268246 268266
268313 268369
268774 268842
268907 268958
269310 269331
269705 269802
269989 270024
270452 270463
270515 270525
270795 270803
271286 271315
271543 271599
271910 271924
272351 272396
272856 272918
273341 273372
273755 273787
273942 274025
274428 274509
274899 274947
275082 275128
275411 275442
275903 275965
276204 276290
276333 276427
276487 276554
276850 276859
277267 277307
277517 277561
278031 278046
278141 278164
278230 278277
278655 278727
279093 279185
279655 279727
279906 279937
279947 280035
280529 280583
280627 280686
280732 280739
281028 281065
281416 281459
281876 281899
282090 282180
282462 282468
282737 282767
282800 282803
282944 282991
283319 283377
283482 283565
283672 283712
283944 283950
284004 284075
284400 284432
284810 284838
284922 284975
285328 285348
285404 285482
285693 285702
285883 285951
286446 286497
286527 286616
286686 286717
286918 286989
287423 287505
287728 287813
288230 288319
288420 288501
288573 288659
288726 288761
288862 288888
289237 289298
289439 289521
289735 289777
290127 290161
290204 290281
290596 290661
290788 290824
290851 290877
290888 290975
291257 291262
291400 291422
291661 291666
291817 291890
291964 292031
292247 292322
292782 292811
293044 293097
293251 293351
293798 293877
294017 294022
294120 294124
294200 294214
294472 294479
294627 294693
294720 294760
294949 295022
295133 295144
295436 295536
295947 295967
296351 296423
296813 296850
297310 297341
297437 297472
297602 297606
297820 297911
298407 298479
298722 298755
298911 298971
299369 299405
299723 299750
299947 299956
300150 300152
300553 300571
300700 300737
300952 301003
301279 301342
301687 301757
301868 301944
302258 302321
302563 302638
302783 302856
302899 302933
303411 303502
303732 303773
304062 304136
304625 304660
304797 304838
304951 304981
305317 305320
305372 305425
305719 305738
306040 306079
306295 306319
306716 306728
306777 306826
306876 306947
307102 307159
307451 307491
307799 307834
308282 308327
308791 308850
308973 309041
309473 309540
309757 309833
310153 310175
310542 310639
311048 311135
311150 311165
311372 311435
311656 311753
311921 311963
311986 312031
312479 312502
312982 313020
313372 313417
313887 313956
314072 314085
314095 314119
314298 314345
314547 314585
315078 315096
315208 315258
315312 315336
315801 315814
316306 316328
316811 316873
316897 316979
317240 317308
317512 317531
317880 317948
318276 318296
318573 318615
318646 318702
319070 319101
319417 319474
319879 319972
320450 320515
320986 321038
321328 321387
321418 321490
321828 321925
322155 322238
322430 322483
322573 322599
323036 323118
323176 323265
323488 323533
323769 323865
324148 324153
324598 324649
325087 325142
325385 325436
325442 325518
326010 326087
326128 326152
326524 326544
326910 327010
327129 327219
327450 327454
327804 327854
328190 328221
328608 328702
329076 329142
329187 329237
329426 329459
329699 329711
330026 330088
330356 330390
330655 330729
330815 330880
331238 331322
331594 331694
331915 331958
332177 332223
332349 332401
332876 332962
333086 333120
333562 333592
333883 333965
334421 334460
334955 334999
335201 335237
335404 335418
335466 335502
335590 335643
336050 336125
336336 336372
336600 336616
337102 337106
337279 337293
337468 337564
337793 337868
338210 338228
338556 338587
339037 339134
339310 339318
339564 339580
340035 340052
340344 340388
340478 340545
340818 340859
341008 341088
341167 341197
341407 341493
341988 342006
342278 342336
342571 342602
342774 342802
342943 342982
343084 343155
343220 343248
343550 343605
344091 344150
344269 344346
344448 344527
344641 344662
345099 345154
345269 345297
345437 345465
345687 345704
346096 346145
346276 346330
346501 346527
346621 346706
346830 346887
347215 347309
347587 347588
347804 347863
348034 348048
348542 348549
348896 348948
349353 349402
349773 349790
349860 349922
350153 350171
350654 350737
351236 351274
351440 351483
351503 351516
351903 351988
352192 352212
352445 352509
352712 352729
353006 353086
353352 353353
353848 353935
354121 354214
354664 354707
354730 354772
355269 355308
355417 355502
355852 355881
356031 356048
356371 356425
356872 356874
357283 357330
357487 357565
358040 358134
358516 358530
358806 358821
359149 359190
359337 359366
359461 359500
359645 359708
359949 360000
360132 360217
360500 360578
360820 360827
361070 361105
361338 361426
361924 362007
362323 362334
362405 362483
362893 362922
362936 363035
363134 363174
363459 363541
363566 363654
364036 364086
364490 364531
364680 364764
365168 365232
365668 365757
365939 365986
366112 366118
366479 366484
366642 366725
366789 366812
367138 367214
367422 367443
367774 367867
368110 368124
368264 368286
368587 368631
368807 368826
369245 369265
369762 369812
370046 370139
370241 370338
370527 370621
370959 371023
371208 371306
371787 371834
371897 371974
372132 372194
372455 372535
372993 372997
373429 373446
373880 373921
374075 374141
374462 374504
374615 374709
374948 375019
375095 375121
375325 375411
375714 375735
375929 375954
376451 376455
376604 376667
376709 376802
377165 377185
377577 377590
378009 378044
378140 378169
378512 378540
378960 378983
379125 379200
379249 379331
379719 379775
379999 380066
380260 380296
380541 380574
380606 380703
381134 381144
381507 381523
381597 381648
382014 382035
382308 382383
382590 382597
382799 382840
383163 383220
383568 383572
384072 384154
384220 384259
384646 384667
385077 385121
385173 385236
385490 385554
385624 385627
385776 385810
385867 385911
386200 386295
386741 386805
386816 386843
387225 387286
387550 387599
387715 387787
388065 388124
388331 388410
388510 388558
388920 388924
389149 389216
389423 389435
389869 389937
390034 390099
390220 390261
390643 390676
391025 391106
391556 391633
391940 392001
392212 392290
392650 392674
393032 393033
393113 393164
393437 393507
393953 394020
394510 394589
395074 395135
395250 395347
395536 395625
395684 395742
395757 395771
396168 396237
396491 396577
397012 397068
397391 397442
397494 397556
397972 398042
398111 398175
398556 398635
398981 398994
399376 399396
399581 399592
399960 400000
400139 400194
400307 400314
400795 400846
401167 401240
401284 401333
401740 401811
402020 402106
402496 402572
402710 402804
402984 403079
403546 403627
403949 404032
404045 404069
404192 404204
404626 404686
404885 404983
405129 405199
405386 405459
405614 405640
405935 405990
406205 406292
406702 406793
406912 406945
407429 407481
407760 407824
408256 408343
408763 408766
409029 409054
409146 409199
409414 409455
409592 409601
409605 409629
409766 409808
409985 410065
410136 410157
410205 410239
410304 410319
410488 410557
410665 410706
410881 410944
411274 411363
411435 411440
411907 411990
412314 412315
412534 412628
412725 412733
413084 413117
413553 413611
413731 413817
414074 414086
414497 414519
414910 414989
415449 415485
415843 415870
415911 415981
416142 416192
416438 416462
416850 416887
416891 416954
417198 417262
417716 417791
418003 418036
418332 418342
418784 418845
419138 419232
419667 419721
420176 420211
420252 420345
420813 420907
420978 420983
421009 421080
421126 421165
421537 421602
421848 421896
422196 422280
422536 422601
422966 423048
423540 423595
424084 424173
424485 424582
424898 424968
425207 425276
425657 425695
426119 426171
426470 426489
426985 427055
427168 427193
427208 427306
427626 427650
427658 427737
427897 427967
428134 428154
428359 428415
428429 428474
428814 428909
429284 429311
429789 429825
430103 430191
430427 430483
430819 430827
430852 430903
431171 431255
431363 431417
431712 431809
432053 432069
432255 432336
432433 432457
432783 432801
432906 432952
433208 433237
433261 433361
433756 433818
434048 434078
434238 434309
434461 434522
434574 434672
435086 435160
435445 435474
435846 435914
436211 436236
436624 436699
437177 437277
437777 437781
438226 438227
438377 438471
438530 438548
438726 438756
439023 439068
439460 439518
439998 440060
440300 440301
440378 440458
440650 440742
440939 440947
441044 441074
441463 441545
441952 441969
442139 442221
442694 442768
442886 442961
443411 443413
443459 443536
443751 443812
444036 444098
444490 444491
444856 444861
445232 445267
445323 445340
445485 445535
445645 445681
445929 446002
446467 446521
446815 446868
447146 447156
447214 447303
447675 447769
447843 447871
448258 448319
448484 448552
448665 448686
448700 448738
448969 449046
449157 449257
449333 449348
449590 449652
449823 449896
450160 450226
450228 450248
450426 450450
450516 450526
450602 450649
450873 450968
451285 451334
451625 451684
451739 451829
452021 452065
452285 452293
452539 452627
453014 453072
453242 453339
453754 453783
453817 453911
454051 454144
454454 454459
454515 454578
454751 454758
455069 455105
455583 455652
455944 456024
456468 456568
457068 457103
457389 457411
457633 457646
457741 457753
458244 458257
458617 458711
458928 458984
459051 459143
459380 459431
459816 459825
460033 460120
460123 460182
460280 460316
460634 460697
460790 460802
461173 461251
461748 461796
462171 462257
462277 462325
462532 462602
462852 462938
463422 463495
463949 464001
464355 464418
464587 464641
464745 464756
465029 465056
465194 465211
465220 465239
465717 465724
466184 466280
466328 466402
466807 466873
466956 467038
467139 467192
467362 467394
467727 467772
468017 468025
468098 468103
468119 468131
468557 468599
468964 469054
469438 469468
469613 469653
470112 470208
470482 470568
470973 470992
471349 471373
471405 471488
471727 471741
472151 472246
472358 472428
472443 472447
472821 472871
473171 473232
473386 473459
473745 473816
473817 473819
474039 474051
474186 474251
474441 474446
474687 474713
475099 475114
475484 475555
476003 476085
476181 476184
476630 476690
476781 476817
477173 477214
477258 477283
477353 477362
477606 477687
477933 477952
478230 478289
478592 478668
478858 478889
478924 478990
479045 479051
479511 479538
479799 479841
480245 480294
480634 480663
480943 480989
481445 481491
481918 481965
482079 482091
482502 482522
482882 482950
483037 483099
483567 483645
484052 484123
484244 484335
484486 484560
484975 485007
485110 485196
485465 485518
486004 486069
486098 486138
486387 486441
486629 486679
487049 487097
487279 487332
487407 487490
487512 487564
487705 487794
488278 488280
488744 488830
489057 489086
489583 489672
489864 489941
490362 490394
490854 490940
491213 491279
491715 491720
492150 492231
492711 492739
493039 493133
493425 493467
493818 493860
494198 494256
494735 494809
494933 494971
495427 495467
495754 495829
496298 496315
496614 496705
496984 497066
497192 497240
497721 497742
498023 498097
498374 498457
498916 498967
499137 499161
499600 499618
499925 499985
500317 500398
500466 500536
500661 500685
500831 500886
501258 501264
501756 501780
501958 501975
502199 502272
502636 502701
503114 503160
503525 503609
503795 503806
504010 504101
504125 504173
504617 504667
504706 504734
504911 504983
505168 505173
505320 505362
505576 505676
506146 506211
506353 506384
506695 506790
506987 507000
507341 507387
507879 507949
508325 508327
508590 508614
508712 508770
509231 509242
509571 509667
510117 510138
510209 510309
510777 510826
510979 510983
511291 511317
511510 511602
512039 512045
512293 512309
512320 512383
512600 512645
512810 512865
513245 513320
513541 513614
513707 513752
514128 514225
514710 514723
515062 515064
515393 515443
515782 515882
516035 516058
516312 516394
516414 516493
516532 516533
516761 516821
517097 517113
517114 517118
517592 517649
517852 517911
517961 518056
518436 518455
518534 518622
518874 518910
519014 519081
519301 519364
519798 519806
519915 519959
520371 520384
520506 520520
520895 520958
521027 521032
521496 521562
521776 521867
521926 521998
522370 522371
522853 522940
523138 523201
523405 523450
523659 523753
523849 523893
524063 524071
524411 524458
524863 524962
525137 525232
525599 525659
526037 526120
526298 526360
526649 526748
526984 527061
527421 527445
527831 527897
527922 528005
528349 528429
528848 528924
529220 529266
529513 529542
529706 529806
530197 530212
530576 530672
530715 530741
530753 530762
530821 530858
531332 531425
531570 531654
531732 531746
532044 532108
532457 532526
532623 532663
532819 532862
533030 533052
533506 533590
533804 533831
534194 534228
534263 534303
534470 534562
534725 534729
534733 534778
534819 534847
534883 534921
535308 535338
535522 535561
535743 535831
536104 536134
536428 536451
536875 536888
537230 537297
537534 537617
538046 538053
538441 538496
538684 538738
538769 538771
538896 538987
539180 539205
539357 539361
539784 539826
539895 539921
540063 540083
540102 540171
540657 540723
540837 540937
541302 541343
541399 541460
541747 541839
541996 541998
542030 542127
542179 542195
542295 542320
542487 542532
542636 542643
543074 543102
543258 543296
543335 543363
543655 543712
543883 543976
544267 544296
544603 544653
544661 544740
544868 544892
545282 545295
545592 545661
546104 546133
546174 546254
546546 546646
546897 546960
547365 547412
547722 547727
548014 548100
548370 548413
548803 548840
549008 549059
549141 549213
549536 549614
550064 550095
550575 550670
551068 551140
551224 551237
551553 551626
551854 551884
551931 552015
552047 552114
552534 552621
553112 553203
553605 553637
553657 553702
554080 554162
554485 554579
554641 554715
554835 554916
555152 555235
555464 555483
555555 555596
555668 555739
555842 555913
556083 556158
556463 556562
556831 556904
556915 556923
556957 557029
557508 557605
557895 557909
558096 558177
558660 558710
559134 559219
559249 559253
559661 559754
559894 559910
560020 560081
560204 560250
560370 560450
560545 560551
560741 560839
561241 561301
561549 561634
562004 562027
562216 562251
562671 562751
563058 563101
563583 563623
563691 563737
563890 563951
564277 564328
564601 564608
565029 565034
565258 565335
565664 565756
566009 566074
566097 566122
566527 566595
566964 567042
567405 567478
567715 567742
567976 568059
568182 568232
568455 568521
568683 568693
569103 569128
569487 569531
569540 569632
569646 569668
570099 570186
570642 570695
570851 570881
571092 571116
571417 571510
571965 572005
572248 572271
572312 572366
572804 572885
573139 573152
573584 573596
573866 573883
574078 574143
574527 574540
574619 574648
574915 574946
574955 574975
575411 575468
575670 575742
575908 575914
576199 576254
576466 576503
576748 576839
577002 577076
577357 577372
577415 577477
577537 577577
577946 577964
578210 578284
578630 578710
579099 579154
579322 579418
579706 579795
580171 580192
580539 580588
581054 581092
581380 581445
581920 582008
582267 582269
582659 582718
582960 582965
582996 583021
583045 583087
583331 583333
583428 583481
583734 583765
583916 584015
584093 584146
584169 584234
584644 584690
584864 584883
585029 585118
585179 585186
585197 585213
585645 585737
585855 585949
586095 586173
586358 586412
586517 586617
586853 586932
587112 587134
587457 587486
587737 587749
588072 588114
588562 588619
588973 589065
589512 589573
589695 589713
589855 589886
590241 590340
590597 590660
590747 590769
591045 591100
591235 591271
591364 591413
591596 591600
592011 592102
592341 592395
592782 592843
592978 593016
593098 593108
593304 593375
593388 593410
593655 593666
593880 593967
594350 594442
594924 594997
595207 595239
595577 595643
595945 596010
596433 596486
596794 596852
597326 597337
597509 597525
597630 597637
598052 598123
598535 598561
598967 599028
599232 599331
599604 599698
600176 600218
600638 600647
601118 601123
601479 601569
601820 601837
601944 601979
602475 602515
602955 602956
603143 603233
603436 603514
603686 603743
604117 604122
604458 604476
604933 605031
605268 605356
605493 605553
606019 606068
606384 606483
606870 606902
607319 607360
607789 607832
607983 608004
608402 608471
608938 608969
609380 609455
609645 609695
609996 610011
610360 610361
610831 610891
611069 611139
611213 611231
611444 611505
611923 612017
612285 612383
612801 612845
612904 612959
613146 613149
613524 613557
613906 613991
614376 614383
614565 614611
614775 614850
614870 614951
615121 615168
615578 615675
616061 616109
616221 616250
616533 616622
616819 616829
617065 617072
617078 617117
617180 617262
617526 617529
617608 617617
617741 617768
618191 618208
618337 618405
618615 618659
618821 618877
619118 619126
619237 619297
619671 619698
619814 619914
620184 620210
620503 620576
620993 621027
621309 621320
621355 621361
621452 621497
621956 622054
622384 622448
622673 622700
623150 623229
623370 623395
623402 623491
623623 623656
624076 624118
624567 624662
625065 625085
625136 625183
625506 625539
625878 625924
626194 626264
626275 626284
626343 626354
626614 626622
626913 626996
627301 627360
627767 627808
627901 627959
628380 628385
628427 628459
628729 628748
628809 628847
629303 629329
629763 629798
630218 630295
630478 630545
631004 631062
631449 631466
631508 631563
631570 631651
631707 631795
631878 631880
632264 632322
632704 632736
632756 632817
633096 633184
633552 633609
634040 634056
634458 634518
634860 634903
635370 635425
635715 635809
635995 636047
636140 636149
636354 636390
636724 636795
636866 636903
637137 637201
637448 637545
637747 637801
638032 638130
638295 638296
638482 638506
638527 638613
639017 639060
639141 639194
639553 639647
639887 639904
640389 640428
640682 640683
640802 640863
641125 641138
641219 641314
641664 641722
641824 641854
642245 642307
642326 642414
642908 642988
643215 643315
643421 643509
643768 643820
644085 644117
644545 644630
644883 644940
645269 645367
645826 645921
646084 646134
646149 646166
646205 646300
646419 646502
646512 646517
646632 646717
646797 646865
647222 647290
647734 647807
648050 648064
648106 648181
648345 648441
648442 648504
648923 648935
649260 649281
649529 649555
649759 649781
650236 650256
650691 650724
650736 650770
650850 650902
651236 651311
651604 651658
651699 651762
651900 651987
652118 652211
652643 652740
653119 653205
653361 653374
653712 653782
653839 653892
654096 654183
654394 654460
654512 654552
654868 654947
655126 655191
655284 655290
655655 655735
656150 656194
656640 656648
657035 657051
657205 657227
657382 657424
657652 657673
658048 658099
658102 658174
658285 658287
658477 658523
658994 659089
659270 659329
659617 659621
659927 659957
660268 660293
660791 660841
661201 661273
661403 661435
661754 661768
662068 662081
662209 662285
662734 662770
663077 663099
663546 663576
663662 663718
664170 664266
664320 664387
664750 664817
665244 665321
665431 665528
665583 665615
665953 665957
666450 666479
666777 666863
666901 666982
667257 667272
667766 667846
667943 667995
668459 668517
668627 668703
668795 668865
669011 669070
669137 669198
669649 669706
670056 670112
670432 670493
670700 670727
670887 670976
671356 671451
671455 671457
671567 671573
672057 672078
672496 672542
672584 672643
673118 673182
673654 673737
673960 673970
674375 674454
674822 674871
674902 674968
675432 675455
675936 676023
676445 676516
676750 676801
677020 677108
677506 677546
677748 677799
677830 677892
678125 678219
678550 678643
678721 678781
679242 679322
679621 679686
680112 680176
680321 680337
680411 680435
680612 680630
680912 680956
681303 681398
681553 681613
682078 682155
682490 682551
682948 683035
683422 683458
683822 683869
684114 684135
684493 684558
685041 685047
685057 685137
685366 685465
685945 686002
686152 686169
686251 686326
686573 686606
686738 686756
686911 687002
687103 687199
687405 687428
687763 687856
687917 687940
687946 687999
688034 688066
688182 688274
688611 688642
688940 688985
689169 689172
689537 689568
690029 690064
690520 690542
690906 690929
691121 691217
691492 691550
691908 691918
692315 692399
692862 692924
693369 693436
693687 693698
693883 693974
694360 694374
694794 694819
695177 695268
695312 695318
695657 695698
696033 696065
696115 696139
696607 696625
696775 696849
697254 697266
697705 697805
698053 698101
698580 698621
699112 699113
699267 699328
699708 699787
699952 699976
700169 700185
700319 700390
700639 700684
701013 701018
701200 701261
701422 701467
701874 701962
702007 702039
702516 702558
702996 703039
703454 703478
703968 703991
704394 704406
704663 704749
705190 705255
705350 705418
705526 705605
705697 705786
705972 706063
706482 706572
706619 706687
707092 707175
707320 707362
707763 707837
708266 708303
708581 708594
708617 708663
708994 709028
709164 709200
709394 709482
709493 709504
709845 709852
709958 709969
710013 710025
710159 710161
710612 710622
710641 710683
710800 710884
711360 711394
711488 711546
711909 711975
712147 712179
712610 712698
712958 712970
713332 713402
713458 713491
713611 713664
713834 713849
713981 714004
714254 714344
714374 714418
714569 714668
714903 714933
715323 715378
715557 715629
715812 715822
715878 715949
716426 716427
716819 716864
716899 716911
717059 717061
717437 717489
717567 717653
717976 718071
718465 718555
718758 718841
719338 719436
719897 719956
720456 720467
720771 720863
721037 721065
721120 721146
721589 721664
722108 722153
722622 722670
722942 722976
723405 723475
723723 723799
724176 724204
724329 724416
724908 724990
725272 725298
725721 725732
726049 726149
726415 726458
726937 726940
727083 727091
727154 727184
727619 727659
728059 728087
728289 728320
728802 728885
729114 729207
729704 729765
729895 729978
730312 730410
730734 730830
731177 731246
731709 731796
731881 731967
731982 732076
732429 732431
732766 732821
733303 733392
733757 733823
734008 734033
734216 734311
734627 734661
734779 734805
735290 735370
735411 735494
735721 735778
736051 736137
736503 736529
736785 736808
736971 737011
737378 737450
737887 737978
738452 738536
738620 738630
738649 738673
739068 739165
739568 739635
739811 739850
739909 739925
740005 740074
740326 740344
740584 740604
740677 740684
741176 741196
741265 741318
741743 741754
742231 742322
742821 742877
742893 742977
743282 743336
743763 743842
744230 744250
744263 744327
744557 744612
744670 744769
744822 744827
745179 745181
745529 745614
745623 745705
745852 745895
746175 746274
746336 746373
746623 746709
747175 747243
747273 747295
747595 747603
747785 747821
748115 748147
748508 748598
748965 749043
749412 749417
749599 749653
750127 750227
750430 750523
750900 750967
751397 751415
751502 751544
751980 751995
751998 752033
752275 752348
752584 752604
752835 752887
752890 752989
753485 753507
753689 753777
753918 754011
754373 754467
754618 754686
754872 754879
755351 755418
755892 755970
756145 756149
756520 756609
756927 756940
757383 757479
757541 757621
757813 757846
758063 758149
758363 758368
758655 758718
758755 758795
759141 759157
759215 759288
759574 759577
759804 759873
759893 759931
760420 760491
760681 760698
761105 761186
761513 761547
761871 761911
762067 762080
762171 762240
762308 762312
762447 762538
762837 762902
762989 763081
763534 763609
764093 764174
764335 764400
764785 764861
765331 765363
765414 765438
765681 765731
765811 765884
766168 766225
766654 766705
766858 766907
767346 767418
767778 767817
768106 768171
768385 768485
768661 768734
768828 768842
769215 769312
769390 769489
769528 769533
769796 769881
770367 770454
770677 770737
771051 771080
771519 771586
771725 771727
771828 771857
771860 771875
771898 771949
772401 772408
772534 772616
772775 772861
773341 773377
773842 773903
774323 774373
774670 774763
775108 775156
775380 775402
775896 775958
776171 776191
776526 776613
776808 776821
777205 777254
777336 777397
777533 777534
777950 778020
778361 778439
778563 778616
779056 779151
779431 779501
779663 779755
780217 780285
780761 780858
781050 781106
781284 781310
781345 781394
781601 781602
781781 781876
782136 782192
782651 782661
782927 782989
783080 783142
783311 783335
783568 783583
783926 783933
784404 784424
784864 784895
785255 785296
785522 785534
786025 786084
786411 786489
786974 787027
787474 787565
787680 787692
788155 788219
788643 788711
788934 788935
789206 789285
789523 789609
790086 790139
790149 790247
790494 790587
790722 790737
790986 791033
791511 791561
791964 792055
792124 792202
792358 792376
792827 792828
792952 792968
793172 793197
793284 793338
793734 793808
793864 793899
794160 794243
794658 794695
795085 795099
795187 795280
795655 795701
795796 795821
795911 796007
796466 796560
796934 796943
797231 797232
797274 797337
797341 797380
797596 797675
798134 798151
798589 798592
799026 799089
799438 799506
799974 799976
800328 800341
800576 800588
800657 800691
800864 800882
801133 801139
801293 801324
801551 801564
801644 801693
801858 801942
802332 802420
802650 802691
803029 803066
803305 803387
803496 803517
803957 803976
804317 804400
804492 804551
804733 804744
805049 805084
805438 805512
805858 805860
806250 806252
806492 806578
806949 807021
807045 807066
807139 807229
807421 807521
807890 807985
808067 808140
808205 808236
808628 808692
809172 809248
809258 809275
809474 809569
809842 809877
810134 810198
810355 810428
810870 810914
811011 811094
811307 811380
811518 811523
811671 811718
812139 812205
812409 812414
812509 812558
812904 812906
812979 812985
813309 813341
813803 813855
814096 814184
814610 814642
814882 814949
815233 815236
815405 815454
815460 815494
815893 815897
815950 816030
816123 816166
816320 816368
816535 816624
817028 817116
817616 817695
817974 818019
818096 818184
818373 818406
818680 818739
818789 818855
819013 819053
819488 819558
819807 819842
820243 820292
820518 820521
820993 821003
821148 821180
821290 821365
821680 821718
822121 822144
822592 822635
822662 822721
823116 823166
823206 823248
823454 823506
823637 823681
823698 823777
824167 824178
824232 824242
824657 824711
824950 825035
825293 825384
825556 825601
825674 825739
826053 826129
826360 826386
826479 826535
826984 827076
827371 827419
827552 827652
827991 828019
828502 828577
828993 829003
829429 829503
829666 829704
830038 830065
830308 830358
830407 830438
830845 830846
831189 831242
831366 831452
831569 831654
831931 831971
832293 832346
832838 832846
832908 832959
833427 833446
833610 833650
833693 833739
834109 834170
834205 834244
834456 834542
834951 834971
834972 835041
835043 835110
835320 835366
835658 835754
836080 836167
836563 836663
836791 836825
836872 836905
836955 837010
837224 837270
837444 837534
837545 837604
837776 837826
837849 837913
838199 838222
838681 838698
838725 838757
839224 839316
839383 839395
839874 839906
840194 840225
840325 840407
840622 840628
840647 840744
840824 840834
841304 841311
841468 841492
841560 841639
841829 841849
842067 842129
842279 842285
842478 842533
842666 842716
843059 843117
843295 843377
843848 843866
844165 844221
844390 844423
844568 844584
844682 844779
845180 845183
845301 845325
845691 845700
845875 845934
845960 846006
846238 846271
846735 846781
846961 846968
847405 847480
847785 847834
848098 848106
848240 848281
848347 848391
848405 848495
848755 848836
849289 849355
849422 849507
849650 849739
850073 850133
850178 850189
850359 850386
850834 850883
851061 851077
851353 851450
851698 851755
852090 852151
852345 852372
852585 852600
852851 852873
853130 853143
853374 853449
853812 853848
853963 854056
854357 854412
854680 854727
854953 854986
855371 855381
855551 855594
856055 856102
856185 856222
856656 856714
856764 856777
857263 857344
857800 857850
857929 857965
858044 858064
858174 858273
858458 858486
858667 858677
859009 859033
859156 859171
859210 859287
859700 859713
860184 860251
860633 860707
860942 860995
861480 861577
861580 861626
861998 862016
862167 862225
862679 862739
862766 862799
863276 863346
863675 863742
864028 864099
864561 864615
864784 864796
864966 864991
865427 865456
865769 865778
866244 866258
866605 866692
866986 867005
867181 867222
867227 867290
867722 867768
867779 867791
868161 868177
868549 868566
868734 868818
868865 868887
869219 869246
869703 869777
869821 869872
870060 870065
870429 870501
870588 870667
870955 871024
871068 871069
871363 871418
871608 871614
871907 871958
871976 872075
872485 872531
872630 872657
873060 873081
873345 873417
873435 873468
873504 873574
873688 873700
873714 873775
873951 873999
874087 874095
874178 874197
874500 874571
874951 874991
875456 875499
875606 875638
876083 876121
876267 876299
876528 876533
876946 876996
877281 877313
877788 877869
878342 878411
878810 878823
879067 879094
879392 879486
879594 879636
880122 880136
880539 880571
880670 880760
880792 880859
880893 880988
881440 881527
881793 881805
882086 882181
882291 882371
882739 882798
883267 883328
883436 883478
883712 883737
883929 883989
884432 884434
884466 884514
884840 884872
884936 885006
885160 885175
885477 885537
885866 885877
885885 885961
886367 886407
886697 886742
887103 887127
887411 887486
887766 887808
888095 888111
888393 888443
888638 888714
889029 889119
889417 889499
889774 889817
890069 890118
890194 890251
890486 890574
890607 890650
890708 890720
891049 891115
891405 891449
891488 891551
891853 891893
891960 892008
892185 892278
892286 892345
892677 892678
892822 892893
893275 893294
893544 893595
893822 893885
894316 894390
894480 894489
894687 894752
894847 894873
894990 894998
895114 895199
895614 895701
895864 895869
896255 896348
896349 896371
896541 896558
897029 897087
897473 897516
897806 897851
897926 897954
898336 898340
898571 898655
898747 898815
899201 899238
899488 899540
899765 899860
900166 900238
900429 900519
900831 900909
901137 901206
901548 901571
902061 902076
902174 902220
902663 902714
903208 903298
903696 903768
903777 903820
903944 903989
904071 904108
904425 904433
904687 904734
905105 905128
905380 905416
905524 905624
905907 905994
906285 906379
906467 906539
906606 906691
906946 907037
907145 907167
907301 907381
907547 907592
907858 907900
908123 908138
908231 908241
908500 908501
908700 908794
908817 908867
909284 909295
909441 909468
909770 909808
910256 910299
910467 910532
910569 910631
911028 911118
911529 911530
911597 911619
912090 912093
912366 912369
912591 912691
912697 912700
912911 912941
913148 913222
913329 913347
913533 913584
914075 914148
914195 914249
914605 914690
914841 914879
915332 915413
915879 915968
915984 915992
916239 916331
916397 916433
916596 916692
916795 916859
917114 917171
917558 917571
917844 917900
918108 918171
918270 918327
918587 918679
918795 918857
919168 919185
919257 919289
919742 919787
919917 919943
920070 920145
920287 920289
920350 920360
920382 920415
920813 920877
921119 921167
921324 921371
921537 921610
921702 921728
921774 921857
922113 922213
922610 922647
922837 922856
922905 922922
923272 923303
923680 923747
924019 924066
924409 924465
924618 924649
924782 924786
925108 925184
925646 925738
926170 926248
926403 926460
926803 926833
927287 927303
927517 927555
928013 928067
928389 928448
928529 928530
928533 928592
928656 928683
929080 929138
929585 929590
930004 930102
930132 930168
930270 930363
930477 930514
930647 930654
930867 930868
930878 930910
931278 931353
931394 931491
931503 931581
931799 931853
932083 932156
932390 932467
932840 932932
933372 933460
933899 933931
934268 934285
934464 934536
934594 934691
934902 934921
935347 935438
935881 935946
936445 936474
936507 936511
936982 936986
937398 937456
937747 937783
938222 938322
938393 938428
938864 938893
939381 939456
939562 939609
939628 939715
940136 940165
940650 940677
940960 941046
941171 941201
941243 941285
941470 941476
941497 941552
942048 942111
942190 942259
942323 942421
942800 942879
943265 943277
943580 943619
943890 943925
943986 944019
944466 944467
944664 944738
944937 945021
945350 945412
945419 945432
945466 945546
945940 945948
946139 946239
946467 946563
946673 946749
946813 946906
947137 947147
947248 947274
947764 947802
947981 947990
948474 948518
948538 948546
948905 948976
949336 949338
949378 949447
949919 949988
949989 950004
950160 950203
950360 950421
950871 950887
951142 951158
951488 951496
951740 951768
951769 951828
952168 952240
952666 952763
953173 953215
953648 953688
954062 954072
954292 954375
954378 954384
954817 954917
954922 954979
955128 955184
955425 955480
955696 955736
955880 955926
956271 956305
956415 956458
956638 956696
956725 956745
957207 957287
957387 957458
957537 957580
957781 957808
957962 958061
958553 958561
958905 958934
959239 959335
959697 959713
959952 960044
960456 960522
960826 960860
961096 961155
961326 961413
961567 961574
961923 961987
962144 962229
962232 962237
962416 962498
962572 962624
962921 962951
963135 963234
963590 963619
963930 963984
964133 964143
964501 964555
964834 964893
965373 965399
965551 965581
965742 965772
965915 966009
966490 966541
967038 967089
967447 967459
967721 967754
967881 967967
968408 968428
968700 968745
969026 969075
969312 969412
969552 969579
969634 969686
969881 969894
970203 970253
970705 970762
970961 970968
971390 971446
971870 971887
972229 972303
972357 972452
972513 972613
973108 973203
973593 973630
973663 973680
973719 973799
974060 974071
974332 974360
974417 974512
974927 974930
975118 975141
975409 975410
975850 975869
976206 976278
976734 976798
976918 976923
977231 977315
977345 977381
977425 977437
977902 977934
978266 978361
978606 978633
978900 978989
979446 979456
979858 979955
980019 980103
980360 980383
980746 980789
980995 981029
981031 981115
981265 981268
981699 981718
981808 981847
982195 982257
982696 982718
982978 983038
983356 983429
983641 983707
983878 983971
984160 984238
984654 984720
985123 985202
985249 985340
985828 985908
985968 986013
986018 986039
986320 986420
986746 986838
986867 986932
987292 987321
987433 987511
987686 987770
988237 988280
988564 988664
989030 989068
989085 989144
989346 989389
989474 989562
989802 989893
990198 990259
990286 990345
990639 990692
990736 990776
990887 990888
991025 991124
991616 991684
991820 991865
992285 992291
992523 992551
992903 992922
993081 993112
993366 993465
993718 993732
994117 994129
994449 994471
994576 994630
994866 994899
995213 995227
995721 995813
996273 996373
996598 996664
996916 997002
997135 997145
997346 997442
997757 997836
998150 998216
998495 998523
999003 999058
999288 999345
999452 999502
999750 999784
1000026 1000077
1000201 1000249
1000659 1000741
1001159 1001204
1001299 1001330
1001607 1001643
1002074 1002143
1002465 1002470
1002844 1002850
1002857 1002913
1003369 1003402
1003502 1003515
1003582 1003634
1003804 1003847
1004207 1004261
1004541 1004596
1004979 1005020
1005223 1005290
1005735 1005766
1006223 1006259
1006320 1006390
1006690 1006708
1006785 1006795
1007102 1007125
1007462 1007484
1007984 1008051
1008442 1008502
1008524 1008609
1008847 1008914
1009176 1009227
1009587 1009658
1009987 1010045
1010393 1010394
1010661 1010690
1010784 1010785
1010931 1010966
1011326 1011351
1011565 1011641
1011991 1012030
1012342 1012430
1012777 1012814
1012857 1012871
1013267 1013296
1013413 1013440
1013476 1013541
1013616 1013690
1013868 1013904
1014367 1014467
1014895 1014919
1015226 1015255
1015279 1015346
1015352 1015387
1015577 1015669
1015730 1015822
1016089 1016163
1016440 1016450
1016811 1016884
1017260 1017285
1017680 1017758
1017794 1017866
1018195 1018222
1018385 1018481
1018930 1019030
1019374 1019405
1019559 1019610
1019731 1019734
1019941 1019988
1020320 1020412
1020751 1020794
1021236 1021312
1021646 1021652
1021809 1021909
1022293 1022308
1022397 1022446
1022865 1022959
1023163 1023250
1023486 1023535
1024018 1024117
1024384 1024411
1024477 1024541
1024620 1024702
1024847 1024898
1025336 1025364
1025753 1025812
1026016 1026095
1026152 1026167
1026327 1026334
1026777 1026803
1027127 1027200
1027361 1027381
1027864 1027907
1028013 1028073
1028270 1028364
1028531 1028546
1028895 1028971
1029197 1029231
1029541 1029605
1029872 1029939
1030216 1030265
1030531 1030602
1030910 1030996
1031073 1031095
1031539 1031611
1032025 1032102
1032514 1032564
1032866 1032937
1032988 1032991
1033082 1033154
1033589 1033606
1034017 1034054
1034094 1034131
1034169 1034246
1034515 1034615
1035009 1035032
1035526 1035575
1035614 1035621
1035863 1035910
1036213 1036223
1036436 1036464
1036894 1036967
1037251 1037313
1037362 1037384
1037483 1037582
1037590 1037656
1037686 1037784
1038018 1038052
1038194 1038290
1038679 1038737
1039088 1039147
1039411 1039426
1039859 1039879
1040031 1040069
1040329 1040413
1040853 1040936
1041285 1041290
1041535 1041577
1041778 1041851
1042270 1042316
1042491 1042537
1042605 1042676
1042864 1042922
1042928 1042983
1043312 1043315
1043493 1043579
1043782 1043818
1044121 1044147
1044259 1044283
1044393 1044476
1044509 1044555
1044743 1044819
1045140 1045172
1045419 1045489
1045667 1045758
1046224 1046241
1046728 1046751
1046930 1046999
1047232 1047299
1047473 1047570
1047599 1047694
1048011 1048052
1048467 1048555
1049051 1049113
1049446 1049545
1049629 1049686
1050078 1050111
1050416 1050506
1050608 1050707
1050994 1051087
1051253 1051311
1051616 1051618
1051694 1051727
1052100 1052180
1052599 1052636
1052831 1052866
1053352 1053359
1053398 1053452
1053684 1053724
1054201 1054286
1054344 1054421
1054572 1054581
1054963 1054997
1055442 1055503
1055626 1055647
1055713 1055746
1055838 1055852
1055897 1055965
1056261 1056342
1056657 1056755
1056812 1056910
1057249 1057258
1057736 1057823
1057901 1057958
1058182 1058270
1058405 1058455
1058784 1058832
1059300 1059377
1059640 1059666
1059867 1059935
1060239 1060297
1060661 1060751
1061203 1061204
1061434 1061499
1061837 1061906
1062371 1062457
1062832 1062886
1063047 1063053
1063261 1063280
1063347 1063387
1063403 1063405
1063426 1063485
1063639 1063659
1063943 1063961
1064407 1064474
1064813 1064874
1065361 1065442
1065510 1065548
1065667 1065731
1065895 1065909
1065985 1066070
1066360 1066394
1066743 1066827
1067251 1067270
1067554 1067588
1067694 1067703
1068093 1068146
1068331 1068413
1068529 1068621
1068751 1068801
1068911 1069011
1069310 1069315
1069474 1069508
1069937 1070037
1070299 1070371
1070771 1070823
1071172 1071181
1071277 1071307
1071705 1071794
1072117 1072139
1072171 1072200
1072472 1072473
1072585 1072665
1072930 1073017
1073269 1073318
1073532 1073625
1074117 1074200
1074601 1074673
1074757 1074842
1074899 1074904
1075152 1075249
1075422 1075424
1075813 1075848
1076078 1076089
1076267 1076294
1076632 1076688
1076886 1076893
1077197 1077227
1077277 1077313
1077387 1077457
1077481 1077569
1077681 1077726
1077738 1077830
1077909 1077934
1078113 1078203
1078303 1078317
1078658 1078752
1078966 1079032
1079459 1079540
1079780 1079846
1079886 1079985
1080132 1080232
1080698 1080787
1081166 1081193
1081410 1081431
1081733 1081773
1081841 1081855
1082119 1082160
1082375 1082395
1082724 1082764
1082825 1082886
1082939 1082994
1083288 1083337
1083517 1083560
1083827 1083901
1084195 1084270
1084563 1084621
1084719 1084788
1085281 1085287
1085304 1085351
1085433 1085459
1085952 1085964
1086452 1086503
1086580 1086619
1086683 1086778
1087051 1087137
1087385 1087416
1087591 1087592
1088024 1088097
1088383 1088384
1088665 1088722
1088808 1088876
1088990 1089076
1089541 1089636
1089821 1089859
1090106 1090194
1090402 1090407
1090518 1090616
1090696 1090770
1090777 1090813
1091255 1091350
1091548 1091647
1091825 1091883
1092065 1092072
1092283 1092315
1092434 1092468
1092528 1092564
1093032 1093067
1093070 1093111
1093152 1093207
1093570 1093631
1094118 1094198
1094689 1094742
1095048 1095115
1095167 1095262
1095552 1095646
1095842 1095891
1095968 1096052
1096192 1096245
1096335 1096434
1096907 1096985
1097171 1097224
1097604 1097616
1097629 1097644
1097775 1097805
1098001 1098005
1098042 1098087
1098286 1098309
1098671 1098732
1098760 1098800
1099215 1099234
1099257 1099322
1099421 1099454
1099849 1099934
1100272 1100334
1100694 1100706
1100871 1100873
1101102 1101175
1101574 1101606
1101939 1102008
1102255 1102299
1102684 1102724
1102838 1102919
1103156 1103160
1103642 1103735
1103989 1104021
1104134 1104217
1104219 1104237
1104624 1104671
1104741 1104799
1104823 1104913
1105378 1105380
1105787 1105803
1106133 1106186
1106421 1106469
1106523 1106612
1106863 1106911
1107007 1107022
1107165 1107194
1107408 1107443
1107808 1107856
1108291 1108292
1108603 1108623
1108714 1108751
1109078 1109163
1109466 1109529
1109614 1109696
1109768 1109795
1110180 1110189
1110595 1110628
1110778 1110878
1111154 1111227
1111476 1111549
1111898 1111939
1112267 1112295
1112769 1112827
1112931 1113012
1113114 1113123
1113429 1113474
1113652 1113661
1114126 1114219
1114410 1114507
1114526 1114586
1114982 1115054
1115336 1115398
1115778 1115851
1116248 1116315
1116386 1116474
1116639 1116732
1117206 1117259
1117490 1117528
1117817 1117841
1118192 1118262
1118525 1118548
1118754 1118848
1119175 1119230
1119249 1119315
1119625 1119706
1119850 1119949
1120400 1120438
1120693 1120721
1120952 1120958
1121115 1121160
1121268 1121282
1121668 1121749
1121846 1121931
1122149 1122209
1122609 1122651
1122742 1122799
1123159 1123246
1123331 1123422
1123427 1123480
1123585 1123673
1124119 1124209
1124700 1124737
1125122 1125156
1125527 1125578
1125969 1126056
1126474 1126555
1126712 1126753
1126813 1126896
1127386 1127445
1127909 1127976
1128157 1128237
1128581 1128592
1129009 1129096
1129400 1129407
1129539 1129548
1129985 1130064
1130358 1130422
1130426 1130431
1130847 1130863
1131041 1131077
1131496 1131589
1131784 1131815
1132239 1132305
1132660 1132715
1133092 1133119
1133334 1133370
1133408 1133441
1133748 1133779
1134145 1134211
1134418 1134423
1134559 1134594
1134810 1134892
1135174 1135212
1135302 1135361
1135385 1135426
1135919 1135991
1136372 1136470
1136958 1137015
1137180 1137189
1137293 1137378
1137852 1137876
1138327 1138387
1138476 1138544
1138788 1138789
1139024 1139058
1139209 1139235
1139645 1139672
1140172 1140267
1140586 1140658
1140698 1140770
1140856 1140868
1141289 1141343
1141612 1141628
1142126 1142135
1142460 1142516
1142860 1142936
1143121 1143155
1143296 1143395
1143743 1143746
1144200 1144257
1144335 1144430
1144879 1144947
1144978 1145074
1145490 1145520
1145787 1145856
1146174 1146258
1146591 1146631
1146683 1146741
1147058 1147136
1147563 1147641
1147928 1147969
1148303 1148314
1148491 1148554
1148584 1148648
1149040 1149081
1149123 1149162
1149307 1149392
1149409 1149414
1149424 1149445
1149588 1149599
1149866 1149916
1150128 1150177
1150628 1150708
1150912 1151003
1151143 1151211
1151354 1151402
1151833 1151849
1152179 1152223
1152650 1152713
1152728 1152808
1153097 1153167
1153282 1153293
1153490 1153545
1153550 1153623
1154089 1154139
1154631 1154704
1154914 1155011
1155230 1155321
1155380 1155466
1155940 1156017
1156506 1156582
1156659 1156668
1156878 1156946
1157323 1157414
1157500 1157533
1157973 1158056
1158256 1158316
1158403 1158502
1158667 1158668
1158857 1158862
1158990 1159033
1159237 1159290
1159781 1159876
1160226 1160253
1160341 1160379
1160737 1160817
1161026 1161101
1161565 1161600
1161645 1161647
1161769 1161774
1162130 1162183
1162542 1162617
1162823 1162833
1163044 1163138
1163161 1163162
1163473 1163491
1163950 1164015
1164504 1164506
1164772 1164779
1164947 1165039
1165519 1165593
1165713 1165730
1166147 1166209
1166231 1166303
1166502 1166529
1166658 1166697
1167067 1167122
1167130 1167214
1167395 1167450
1167822 1167888
1168201 1168215
1168696 1168777
1168871 1168907
1169241 1169270
1169693 1169730
1170013 1170113
1170515 1170602
1170638 1170649
1170663 1170682
1170695 1170715
1170878 1170879
1171272 1171276
1171649 1171678
1171738 1171762
1172060 1172084
1172108 1172185
1172517 1172529
1172648 1172699
1173006 1173040
1173180 1173247
1173674 1173707
1174103 1174159
1174637 1174710
1174976 1175065
1175382 1175430
1175696 1175783
1175898 1175956
1176398 1176496
1176934 1176980
1177449 1177495
1177824 1177862
1177938 1177949
1178399 1178464
1178684 1178700
1179096 1179138
1179545 1179548
1179591 1179650
1179987 1180013
1180048 1180107
1180332 1180369
1180802 1180867
1180946 1181014
1181354 1181429
1181446 1181449
1181832 1181928
1182038 1182052
1182483 1182517
1182662 1182700
1182879 1182912
1183129 1183164
1183369 1183445
1183767 1183780
1184240 1184273
1184533 1184553
1184706 1184740
1184956 1185033
1185373 1185465
1185621 1185640
1186029 1186104
1186401 1186478
1186574 1186624
1186802 1186902
1187231 1187233
1187390 1187434
1187809 1187908
1187928 1188022
1188424 1188467
1188854 1188913
1189076 1189148
1189325 1189410
1189686 1189699
1189952 1190010
1190405 1190493
1190757 1190824
1191313 1191393
1191500 1191596
1191911 1191946
1192414 1192506
1192558 1192623
1193102 1193180
1193466 1193564
1193887 1193894
1194146 1194167
1194624 1194640
1195080 1195142
1195149 1195152
1195601 1195686
1196119 1196129
1196371 1196469
1196633 1196653
1196879 1196964
1197143 1197189
1197545 1197637
1197808 1197827
1197878 1197890
1198262 1198282
1198671 1198698
1199142 1199193
1199312 1199351
1199439 1199516
1199627 1199673
1200039 1200062
1200259 1200334
1200589 1200611
1200997 1201044
1201179 1201198
1201434 1201450
1201907 1201991
1202408 1202423
1202719 1202745
1203225 1203261
1203697 1203745
1204086 1204087
1204431 1204496
1204516 1204578
1205035 1205043
1205107 1205120
1205320 1205359
1205774 1205819
1206032 1206086
1206202 1206222
1206334 1206393
1206769 1206786
1206954 1207047
1207484 1207550
1207954 1207963
1207976 1208031
1208358 1208403
1208685 1208703
1209000 1209030
1209349 1209383
1209723 1209746
1210044 1210130
1210364 1210432
1210748 1210846
1211060 1211137
1211587 1211609
1211722 1211789
1212210 1212213
1212694 1212747
1212899 1212912
1213250 1213331
1213696 1213744
1213930 1214008
1214268 1214330
1214775 1214796
1214913 1214943
1215087 1215106
1215504 1215579
1215957 1216033
1216124 1216213
1216329 1216343
1216432 1216455
1216620 1216675
1216943 1217043
1217492 1217531
1217916 1217976
1218088 1218100
1218184 1218282
1218428 1218492
1218761 1218792
1219082 1219147
1219206 1219208
1219274 1219357
1219433 1219506
1220003 1220055
1220188 1220214
1220413 1220424
1220750 1220770
1221146 1221191
1221224 1221247
1221546 1221612
1222079 1222172
1222505 1222583
1222630 1222633
1222783 1222845
1222999 1223010
1223087 1223088
1223292 1223313
1223729 1223798
1223983 1224023
1224180 1224184
1224442 1224482
1224756 1224774
1225261 1225300
1225735 1225829
1226205 1226260
1226533 1226579
1227020 1227021
1227066 1227101
1227253 1227279
1227416 1227456
1227718 1227801
1227832 1227865
1228122 1228195
1228503 1228514
1228702 1228728
1228824 1228847
1229345 1229430
1229685 1229706
1229880 1229929
1230393 1230423
1230469 1230506
1230609 1230653
1230944 1230957
1231095 1231126
1231209 1231250
1231381 1231437
1231670 1231694
1232051 1232113
1232254 1232286
1232572 1232607
1233079 1233094
1233105 1233175
1233544 1233560
1233924 1233926
1234355 1234383
1234697 1234731
1234897 1234947
1235440 1235516
1235672 1235767
1236004 1236038
1236528 1236596
1236940 1237038
1237175 1237213
1237411 1237428
1237641 1237728
1237887 1237922
1238198 1238214
1238240 1238272
1238446 1238498
1238860 1238866
1239337 1239397
1239857 1239951
1240389 1240425
1240536 1240545
1240880 1240955
1241300 1241316
1241649 1241669
1241822 1241889
1242346 1242357
1242600 1242616
1242873 1242884
1243085 1243175
1243328 1243425
1243810 1243864
1244008 1244074
1244249 1244293
1244751 1244790
1244949 1245049
1245205 1245297
1245400 1245471
1245611 1245707
1245990 1246035
1246101 1246147
1246202 1246297
1246514 1246515
1246635 1246731
1247176 1247250
1247591 1247672
1248136 1248190
1248272 1248343
1248344 1248377
1248552 1248587
1248667 1248687
1248817 1248888
1249192 1249241
1249694 1249756
1249939 1249965
1250388 1250390
1250696 1250741
1251027 1251111
1251157 1251242
1251676 1251716
1252158 1252191
1252274 1252318
1252525 1252610
1252648 1252703
1252862 1252878
1252926 1252985
1253076 1253093
1253231 1253326
1253498 1253568
1253911 1253935
1253974 1254064
1254220 1254271
1254384 1254472
1254919 1254926
1255124 1255188
1255199 1255292
1255641 1255738
1256207 1256235
1256539 1256638
1256671 1256767
1256795 1256840
1256906 1256974
1257362 1257444
1257730 1257794
1258171 1258189
1258299 1258315
1258514 1258539
1258675 1258707
1259089 1259097
1259294 1259394
1259468 1259530
1259793 1259845
1260235 1260247
1260425 1260503
1260915 1260949
1261178 1261182
1261610 1261710
1261951 1261964
1262130 1262227
1262320 1262415
1262843 1262896
1263248 1263313
1263336 1263429
1263518 1263617
1264083 1264133
1264348 1264369
1264811 1264889
1264938 1264953
1264971 1265056
1265405 1265458
1265650 1265670
1266075 1266173
1266443 1266488
1266871 1266897
1267073 1267088
1267263 1267329
1267778 1267871
1268349 1268447
1268663 1268708
1268852 1268881
1269182 1269220
1269443 1269453
1269816 1269887
1270254 1270303
1270664 1270746
1271199 1271234
1271680 1271738
1271871 1271941
1272402 1272497
1272728 1272804
1272993 1273026
1273036 1273051
1273537 1273624
1274083 1274183
1274384 1274482
1274674 1274698
1274799 1274880
1275211 1275260
1275614 1275622
1275872 1275970
1276291 1276295
1276516 1276570
1276710 1276801
1277095 1277122
1277417 1277422
1277922 1277924
1278412 1278432
1278631 1278702
1279157 1279235
1279611 1279612
1279748 1279818
1280177 1280274
1280429 1280463
1280850 1280933
1281211 1281296
1281466 1281544
1281581 1281659
1281979 1282024
1282129 1282131
1282308 1282382
1282549 1282575
1282794 1282831
1283029 1283089
1283099 1283122
1283594 1283688
1283863 1283882
1283924 1284000
1284262 1284328
1284516 1284571
1284659 1284702
1285083 1285172
1285229 1285270
1285737 1285803
1286219 1286285
1286647 1286700
1286878 1286968
1287010 1287086
1287097 1287196
1287445 1287504
1287684 1287734
1288001 1288036
1288456 1288532
1288830 1288846
1288918 1288953
1289007 1289027
1289050 1289138
1289201 1289278
1289308 1289399
1289898 1289906
1290209 1290216
1290445 1290498
1290869 1290899
1291031 1291053
1291511 1291591
1291956 1292048
1292291 1292389
1292407 1292443
1292481 1292515
1292851 1292895
1293248 1293326
1293704 1293732
1294167 1294192
1294578 1294625
1294978 1294986
1295428 1295528
1295780 1295833
1296031 1296057
1296285 1296354
1296705 1296770
1297237 1297279
1297438 1297498
1297664 1297708
1298001 1298003
1298030 1298055
1298378 1298467
1298851 1298872
1298919 1299001
1299379 1299426
1299639 1299723
1300076 1300160
1300173 1300221
1300413 1300498
1300781 1300858
1301079 1301102
1301128 1301211
1301664 1301714
1301876 1301967
1302454 1302495
1302974 1303046
1303060 1303150
1303610 1303706
1303811 1303905
1304332 1304394
1304763 1304828
1305206 1305238
1305394 1305421
1305611 1305637
1305999 1306039
1306452 1306500
1306564 1306568
1306932 1307028
1307096 1307147
1307580 1307657
1308059 1308152
1308532 1308629
1309056 1309142
1309460 1309472
1309541 1309581
1309751 1309805
1310158 1310195
1310623 1310642
1310735 1310748
1311211 1311304
1311490 1311518
1311626 1311673
1311876 1311878
1312268 1312350
1312374 1312441
1312785 1312830
1313043 1313098
1313350 1313371
1313409 1313454
1313507 1313541
1313589 1313685
1314026 1314069
1314519 1314572
1314846 1314911
1315185 1315235
1315454 1315522
1315603 1315665
1315913 1315922
1315985 1316041
1316343 1316432
1316584 1316642
1316975 1317047
1317477 1317527
1317769 1317788
1318109 1318115
1318201 1318285
1318745 1318805
1319079 1319086
1319478 1319578
1319587 1319588
1319738 1319833
1320117 1320178
1320634 1320704
1320868 1320911
1321250 1321346
1321405 1321426
1321864 1321878
1322017 1322027
1322126 1322161
1322346 1322362
1322617 1322713
1322752 1322825
1323080 1323089
1323511 1323514
1323600 1323668
1324125 1324152
1324184 1324204
1324270 1324358
1324735 1324827
1325108 1325110
1325197 1325256
1325399 1325440
1325930 1325932
1325983 1326018
1326230 1326305
1326353 1326386
1326630 1326662
1327063 1327107
1327206 1327287
1327343 1327397
1327449 1327515
1327643 1327715
1327728 1327762
1327799 1327865
1328335 1328361
1328682 1328745
1328824 1328866
1329311 1329364
1329516 1329576
1329721 1329790
1329998 1330004
1330256 1330353
1330663 1330687
1330869 1330916
1330966 1331034
1331395 1331463
1331516 1331575
1331657 1331689
1331744 1331819
1332221 1332315
1332538 1332561
1332879 1332927
1333152 1333164
1333414 1333509
1333989 1334029
1334265 1334346
1334401 1334413
1334663 1334753
1334819 1334905
1335345 1335396
1335650 1335686
1335695 1335790
1336178 1336201
1336210 1336294
1336350 1336394
1336847 1336928
1337007 1337018
1337084 1337096
1337125 1337207
1337562 1337646
1337861 1337917
1338399 1338499
1338666 1338710
1338802 1338856
1339105 1339120
1339390 1339425
1339757 1339762
1340222 1340242
1340670 1340731
1340958 1341056
1341467 1341545
1341588 1341596
1341767 1341836
1341896 1341907
1342130 1342148
1342417 1342455
1342881 1342887
1343276 1343372
1343400 1343416
1343587 1343628
1343700 1343737
1344093 1344094
1344329 1344402
1344890 1344901
1344951 1344964
1345325 1345423
1345642 1345688
1345826 1345908
1346147 1346198
1346318 1346365
1346705 1346804
1346887 1346903
1346939 1346990
1347194 1347269
1347672 1347727
1347920 1347996
1348097 1348159
1348543 1348597
1348882 1348949
1349021 1349064
1349113 1349184
1349277 1349324
1349388 1349442
1349941 1349988
1350433 1350485
1350787 1350789
1351288 1351305
1351748 1351795
1351999 1352047
1352287 1352304
1352615 1352685
1353111 1353160
1353191 1353242
1353502 1353534
1353808 1353884
1354181 1354268
1354397 1354440
1354862 1354940
1355371 1355375
1355858 1355873
1356163 1356237
1356636 1356695
1357043 1357134
1357295 1357391
1357677 1357706
1357846 1357924
1358089 1358161
1358496 1358556
1358949 1359015
1359495 1359496
1359849 1359861
1360036 1360044
1360455 1360470
1360532 1360576
1360847 1360899
1360914 1360938
1361030 1361040
1361366 1361447
1361621 1361657
1362098 1362126
1362379 1362426
1362479 1362515
1362586 1362600
1363007 1363094
1363153 1363166
1363400 1363435
1363729 1363816
1364226 1364228
1364633 1364715
1365081 1365180
1365430 1365514
1365580 1365642
1365714 1365733
1365807 1365902
1366225 1366267
1366728 1366754
1366993 1367086
1367441 1367461
1367537 1367597
1367994 1368047
1368102 1368154
1368199 1368283
1368755 1368784
1369071 1369146
1369217 1369229
1369590 1369652
1370048 1370103
1370587 1370616
1370670 1370716
1370752 1370791
1370918 1370927
1371037 1371125
1371352 1371416
1371749 1371803
1372241 1372304
1372323 1372342
1372703 1372801
1373087 1373147
1373178 1373265
1373445 1373522
1373753 1373770
1374059 1374141
1374189 1374275
1374534 1374579
1374788 1374865
1374958 1374985
1375303 1375379
1375395 1375448
1375597 1375670
1376040 1376079
1376547 1376621
1376782 1376864
1377049 1377063
1377291 1377388
1377826 1377864
1378071 1378163
1378535 1378599
1378867 1378922
1379276 1379313
1379355 1379370
1379730 1379813
1379822 1379901
1380356 1380403
1380638 1380711
1380722 1380801
1381269 1381320
1381788 1381842
1382116 1382197
1382544 1382639
1383139 1383148
1383266 1383298
1383483 1383554
1383791 1383845
1384330 1384383
1384425 1384449
1384690 1384701
1384956 1385038
1385456 1385520
1385644 1385699
1385730 1385791
1386256 1386270
1386326 1386422
1386817 1386902
1387098 1387168
1387622 1387678
1387832 1387878
1387934 1388010
1388067 1388075
1388469 1388546
1388805 1388829
1389301 1389310
1389605 1389626
1390064 1390067
1390436 1390481
1390639 1390733
1391023 1391113
1391295 1391353
1391807 1391816
1392215 1392264
1392296 1392327
1392709 1392777
1392805 1392821
1392998 1393090
1393182 1393193
1393287 1393322
1393405 1393464
1393692 1393776
1394050 1394123
1394593 1394650
1394771 1394826
1395276 1395358
1395659 1395670
1395742 1395807
1396103 1396123
1396601 1396671
1397057 1397141
1397641 1397646
1397836 1397891
1398151 1398217
1398463 1398507
1398765 1398810
1398824 1398836
1399281 1399315
1399696 1399723
1400034 1400045
1400403 1400482
1400756 1400800
1401174 1401198
1401675 1401729
1401777 1401827
1402289 1402382
1402613 1402662
1402962 1402972
1403455 1403477
1403763 1403823
1403850 1403934
1404117 1404198
1404529 1404549
1404727 1404777
1405168 1405242
1405289 1405359
1405641 1405702
1405778 1405844
1406136 1406152
1406252 1406298
1406569 1406618
1406687 1406749
1407101 1407142
1407201 1407253
1407513 1407533
1407940 1408019
1408056 1408153
1408172 1408231
1408461 1408478
1408967 1409026
1409462 1409527
1409968 1410011
1410123 1410219
1410535 1410556
1410988 1410989
1411392 1411454
1411773 1411801
1412217 1412234
1412666 1412696
1412809 1412829
1412994 1413026
1413265 1413328
1413599 1413609
1413760 1413776
1413855 1413907
1414101 1414174
1414366 1414379
1414476 1414555
1414894 1414952
1415261 1415328
1415707 1415716
1415967 1416059
1416177 1416269
1416701 1416707
1416714 1416806
1417078 1417103
1417389 1417481
1417482 1417507
1417678 1417695
1417903 1417957
1418121 1418179
1418622 1418708
1419080 1419156
1419209 1419268
1419725 1419742
1420213 1420304
1420516 1420517
1420846 1420874
1421130 1421174
1421214 1421266
1421714 1421722
1421727 1421764
1421850 1421856
1421904 1421979
1422045 1422097
1422576 1422580
1422943 1422982
1423123 1423124
1423477 1423497
1423902 1423909
1424279 1424292
1424469 1424540
1424549 1424556
1424575 1424583
1425048 1425119
1425445 1425470
1425933 1426005
1426318 1426418
1426429 1426445
1426927 1426941
1426959 1427011
1427368 1427401
1427837 1427935
1428184 1428249
1428744 1428747
1429116 1429205
1429218 1429277
1429618 1429704
1429761 1429764
1430062 1430113
1430509 1430542
1430749 1430795
1430983 1431078
1431254 1431280
1431405 1431468
1431589 1431636
1431760 1431835
1431859 1431876
1431925 1431957
1432318 1432403
1432407 1432417
1432837 1432888
1433374 1433434
1433567 1433581
1433800 1433832
1433932 1433945
1434078 1434085
1434403 1434492
1434896 1434945
1435053 1435110
1435149 1435178
1435629 1435683
1436110 1436185
1436574 1436655
1437023 1437043
1437430 1437447
1437485 1437526
1437649 1437653
1438051 1438120
1438401 1438423
1438826 1438887
1439288 1439304
1439369 1439413
1439566 1439663
1439681 1439728
1439731 1439805
1440254 1440322
1440461 1440467
1440876 1440958
1441146 1441227
1441464 1441474
1441868 1441894
1442262 1442362
1442798 1442888
1443343 1443354
1443573 1443610
1443925 1444019
1444321 1444337
1444694 1444751
1444866 1444965
1445004 1445056
1445397 1445424
1445453 1445545
1445771 1445837
1446014 1446082
1446324 1446363
1446586 1446658
1446893 1446966
1447138 1447143
1447270 1447364
1447789 1447882
1448022 1448025
1448156 1448186
1448561 1448576
1448580 1448653
1448820 1448856
1449255 1449281
1449765 1449843
1449878 1449959
1450331 1450412
1450623 1450686
1450908 1450927
1451178 1451185
1451636 1451723
1452030 1452080
1452486 1452561
1453058 1453089
1453115 1453149
1453560 1453624
1454060 1454124
1454296 1454361
1454384 1454483
1454737 1454752
1455105 1455177
1455354 1455385
1455429 1455451
1455848 1455920
1456337 1456359
1456447 1456519
1456590 1456684
1457142 1457239
1457496 1457531
1457568 1457588
1457816 1457890
1457926 1458001
1458127 1458177
1458530 1458595
1458999 1459026
1459097 1459109
1459243 1459244
1459324 1459327
1459332 1459404
1459492 1459513
1459690 1459779
1460096 1460117
1460154 1460247
1460678 1460694
1461076 1461145
1461401 1461414
1461763 1461846
1462108 1462193
1462456 1462490
1462584 1462661
1462955 1463045
1463108 1463162
1463588 1463666
1463692 1463773
1463865 1463955
1464075 1464097
1464262 1464342
1464672 1464732
1464793 1464864
1465356 1465375
1465602 1465605
1465888 1465944
1465970 1466049
1466276 1466357
1466726 1466773
1467064 1467138
1467514 1467599
1467887 1467942
1468315 1468406
1468427 1468451
1468709 1468771
1468780 1468790
1468872 1468884
1469106 1469137
1469553 1469616
1469689 1469699
1470024 1470120
1470551 1470555
1470783 1470875
1471071 1471102
1471327 1471396
1471585 1471606
1471710 1471803
1471945 1472037
1472221 1472286
1472673 1472690
1472927 1472966
1473076 1473171
1473422 1473515
1473642 1473646
1474018 1474041
1474158 1474179
1474434 1474477
1474697 1474775
1475076 1475083
1475443 1475463
1475755 1475761
1476227 1476277
1476641 1476646
1476782 1476846
1477174 1477217
1477613 1477640
1477697 1477762
1477974 1478071
1478221 1478238
1478461 1478500
1478921 1478927
1479370 1479399
1479653 1479723
1479950 1479994
1480126 1480210
1480609 1480622
1480725 1480734
1481057 1481100
1481595 1481682
1481827 1481882
1482034 1482096
1482524 1482565
1482724 1482740
1483016 1483093
1483317 1483333
1483528 1483594
1483889 1483928
1483967 1483968
1484424 1484482
1484922 1484942
1484979 1485052
1485173 1485247
1485389 1485409
1485759 1485849
1486342 1486429
1486900 1486976
1487373 1487468
1487958 1487972
1487975 1488059
1488403 1488419
1488731 1488768
1488792 1488857
1489040 1489104
1489434 1489517
1489794 1489843
1490107 1490174
1490242 1490327
1490401 1490438
1490727 1490821
1491002 1491010
1491364 1491375
1491829 1491890
1492035 1492089
1492146 1492215
1492618 1492651
1493070 1493130
1493339 1493365
1493761 1493786
1494110 1494185
1494564 1494656
1494743 1494840
1495224 1495298
1495505 1495602
1495963 1495968
1496065 1496154
1496498 1496594
1496834 1496908
1497113 1497182
1497588 1497627
1497792 1497834
1497858 1497921
1498315 1498368
1498589 1498671
1499043 1499130
1499577 1499660
1500018 1500115
1500243 1500280
1500722 1500749
1501196 1501239
1501374 1501437
1501501 1501580
1502065 1502066
1502263 1502285
1502727 1502732
1502877 1502922
1503161 1503166
