429 672
1021 1029
1146 1221
1387 1540
1625 1786
2235 2333
2618 2714
3185 3356
3576 3931
4083 4234
4328 4596
4852 4965
5203 5573
6027 6064
6297 6676
6782 7119
7167 7318
7376 7443
7765 7979
8110 8312
8459 8460
8619 8955
9186 9581
9705 9751
9809 10144
10293 10489
10694 10996
11105 11466
11929 12056
12537 12574
12819 12851
13263 13633
13662 13830
13970 13985
14139 14406
14799 14814
14834 15146
15442 15535
15881 16018
16256 16421
16766 16795
17027 17211
17443 17466
17621 17953
18419 18648
18929 19146
19475 19529
19955 20012
20226 20426
20506 20575
20873 21035
21326 21419
21737 21835
22269 22538
22768 22862
23046 23383
23437 23601
23832 24061
24270 24361
24440 24541
24554 24794
24925 25273
25365 25541
25749 25955
26376 26462
26509 26866
27326 27435
27797 28092
28401 28493
28671 28719
29217 29416
29549 29701
29861 30083
30391 30772
30786 31014
31420 31753
31761 31872
32360 32567
32714 32777
32867 32991
33150 33453
33674 33700
33991 34092
34478 34705
35205 35566
35749 35836
36255 36527
36588 36789
36831 37156
37549 37625
37719 37768
37979 38351
38391 38631
39098 39333
39575 39843
39869 39966
40012 40052
40136 40446
40719 41059
41429 41730
41878 42076
42147 42502
42504 42854
43307 43465
43732 43793
43863 43944
43975 44171
44357 44408
44796 44986
45280 45582
45657 45811
45823 45830
45912 45975
46416 46755
47154 47302
47305 47549
47952 48154
48536 48928
49135 49144
49158 49522
49955 50341
50727 51027
51483 51821
52049 52086
52364 52488
52988 53118
53163 53269
53586 53613
53888 54029
54106 54164
54360 54570
54699 54816
54932 55262
55658 56021
56446 56607
56612 56653
56946 57296
57390 57789
58099 58489
58789 59016
59263 59641
59913 60162
60648 60667
60864 61135
61145 61485
61930 62278
62749 62881
63117 63274
63382 63618
63677 63790
64253 64315
64784 65029
65031 65153
65335 65425
65629 65691
66020 66405
66534 66838
67331 67548
67579 67602
67749 67986
68054 68258
68392 68638
68972 69339
69443 69724
70137 70476
70937 71156
71634 71740
71975 72365
72679 72992
73412 73541
73878 74113
74572 74748
74751 74804
74969 75099
75407 75781
76251 76637
76760 76980
77052 77183
77677 77736
78227 78308
78451 78834
79121 79397
79700 79802
80040 80213
80345 80352
80656 80743
81020 81322
81725 82049
82063 82167
82491 82605
82729 82796
83178 83483
83619 83700
83783 83820
84169 84394
84640 84790
85156 85432
85714 86054
86247 86366
86479 86654
86863 87005
87064 87073
87130 87240
87310 87401
87673 87774
87953 88351
88717 88820
88995 89340
89652 89979
90432 90494
90860 91062
91189 91401
91691 91929
92052 92432
92814 93088
93361 93369
93466 93539
94003 94325
94356 94668
95150 95383
95700 96008
96349 96375
96562 96886
96983 97071
97097 97488
97902 98269
98560 98782
99172 99379
99843 100194
100240 100438
100725 100886
101262 101517
101560 101800
102144 102229
102571 102873
102897 103246
103742 103905
103965 104039
104210 104460
104872 105195
105415 105556
106049 106336
106749 107000
107119 107513
107788 108093
108197 108499
108643 108902
109232 109393
109830 110031
110515 110690
111000 111103
111556 111618
111967 112029
112527 112580
113076 113242
113601 113857
114163 114560
114826 115127
115365 115732
116164 116262
116668 116789
116906 117152
117407 117795
117813 118006
118104 118268
118621 118807
119133 119163
119360 119739
119979 120119
120313 120654
120878 121218
121460 121533
121940 122122
122472 122626
123112 123269
123424 123555
123869 124021
124374 124616
124838 125001
125087 125308
125604 125946
126344 126401
126416 126444
126503 126509
126574 126651
127005 127399
127675 127826
128248 128548
129037 129293
129642 129778
130000 130150
130386 130593
130600 130844
131048 131063
131381 131773
132021 132160
132218 132235
132490 132566
132813 132900
133176 133184
133231 133453
133620 133847
133914 134091
134539 134552
134663 134827
135259 135561
135914 136072
136426 136435
136598 136617
137115 137246
137695 137845
137905 137924
138233 138609
138950 139322
139326 139724
139839 139948
140002 140287
140571 140648
141107 141346
141688 141892
142136 142344
142809 142834
143157 143444
143712 143726
143883 144124
144580 144802
144851 145012
145398 145502
145981 146378
146557 146811
147139 147172
147601 147773
147903 148199
148477 148624
148888 149042
149265 149501
149645 149925
150349 150728
150962 150974
151090 151490
151505 151856
151888 152221
152355 152723
153061 153289
153297 153580
153867 154000
154308 154513
154600 154777
154834 155125
155313 155671
155789 155874
156255 156341
156677 157055
157353 157408
157543 157730
157902 158118
158339 158468
158501 158738
158740 159009
159254 159284
159292 159567
159634 159752
160127 160407
160869 161032
161132 161421
161894 162262
162698 162939
162991 163251
163640 163843
164341 164536
164900 165095
165148 165429
165614 165851
165892 165958
166327 166521
166556 166664
166723 166934
166983 167159
167545 167735
167969 168290
168440 168620
168637 168862
169171 169571
169999 170241
170593 170891
171238 171488
171811 172115
172320 172617
172991 173217
173384 173393
173446 173817
174265 174498
174590 174957
175280 175360
175719 175806
175914 175939
176355 176743
177077 177469
177945 178175
178426 178759
179150 179161
179243 179456
179946 179970
180039 180350
180365 180601
181019 181040
181448 181598
181814 181997
182020 182031
182305 182657
182788 183020
183286 183585
183800 184172
184645 185005
185124 185381
185793 186005
186373 186481
186635 186939
187134 187167
187533 187670
187904 188181
188277 188450
188851 188966
189002 189308
189527 189693
189787 189799
190073 190330
190571 190644
190787 190950
191007 191121
191307 191358
191361 191410
191563 191904
192399 192656
192812 192964
193064 193314
193415 193783
194258 194304
194670 195026
195250 195387
195473 195702
195713 196050
196434 196631
196870 197224
197558 197691
197921 197974
198230 198606
198645 198738
198909 199041
199154 199190
199451 199535
199746 199908
200023 200205
200641 200954
201098 201172
201289 201631
201892 201983
202141 202257
202359 202622
202730 202758
203086 203291
203455 203761
203869 203969
204248 204485
204920 204940
205040 205143
205460 205470
205861 206247
206434 206622
207021 207052
207495 207709
207985 208312
208797 209042
209435 209744
210008 210226
210588 210886
210932 211323
211756 211933
212145 212456
212550 212915
213079 213440
213450 213655
214082 214196
214583 214777
214938 215051
215541 215612
216068 216443
216881 217138
217423 217594
217698 218008
218168 218380
218837 218914
219048 219306
219392 219497
219721 219997
220125 220213
220343 220367
220700 220725
220967 221326
221438 221650
221790 221833
221912 222269
222547 222804
223139 223184
223408 223788
224006 224059
224462 224706
224770 224817
224960 225296
225651 225767
226054 226100
226139 226446
226939 227135
227142 227172
227584 227840
228018 228298
228511 228704
229193 229494
229789 230137
230221 230582
230943 231334
231751 232083
232225 232577
232954 233055
233158 233260
233568 233601
233738 233923
234052 234108
234238 234335
234418 234566
234892 235197
235255 235476
235737 236034
236513 236899
237190 237426
237572 237808
237990 238188
238193 238410
238468 238865
239079 239201
239654 239715
240137 240355
240454 240518
240873 240912
240998 241250
241489 241839
241892 241941
242286 242296
242302 242304
242512 242742
243191 243345
243796 243978
244209 244252
244681 244915
245387 245716
245914 246010
246021 246088
246576 246853
246976 247090
247559 247589
247870 248049
248082 248471
248733 248919
249278 249562
249815 250129
250330 250667
250831 250992
251020 251385
251641 251744
252116 252216
252280 252584
252959 253155
253577 253930
254125 254156
254168 254287
254690 254976
255464 255507
255888 255903
256365 256556
256632 256988
257436 257761
258115 258435
258481 258805
259159 259350
259423 259773
260203 260494
260890 261083
261174 261461
261916 262100
262389 262669
262914 262963
263300 263683
263923 264303
264584 264957
265287 265591
266012 266116
266482 266784
267216 267274
267765 267952
268327 268641
268881 269227
269388 269401
269564 269725
270062 270149
270601 270609
270912 271120
271488 271586
271674 271762
272195 272443
272490 272536
272963 273322
273413 273669
274111 274123
274255 274546
274658 274900
275051 275073
275075 275404
275433 275667
276083 276482
276705 277105
277320 277688
277769 278105
278418 278688
278755 278802
279282 279467
279853 280164
280613 280623
280713 281104
281573 281917
282366 282597
282822 283171
283440 283794
283959 283966
284341 284471
284903 285096
285530 285686
285820 286129
286453 286604
286840 286965
287316 287627
287855 288063
288342 288546
288981 289202
289316 289408
289490 289870
290112 290458
290733 291007
291236 291500
291555 291642
292004 292276
292521 292630
292915 293181
293363 293749
294128 294177
294362 294498
294692 294920
295042 295284
295682 295895
296124 296510
296849 296914
297056 297423
297598 297611
297853 297858
298086 298156
298306 298556
299014 299113
299365 299505
299532 299656
299749 300017
300258 300301
300311 300544
301012 301410
301482 301619
301749 301779
302127 302500
302712 303074
303182 303373
303423 303457
303898 304144
304341 304378
304609 304772
305166 305356
305783 306087
306426 306510
306832 306898
307038 307163
307360 307436
307457 307569
307572 307740
308025 308243
308370 308650
308799 308974
309225 309252
309515 309743
310031 310344
310562 310836
310934 311251
311738 312074
312426 312492
312638 312780
313209 313211
313382 313398
313507 313825
314234 314386
314444 314702
315137 315303
315702 315987
316356 316635
316778 316910
317409 317597
317929 318012
318346 318367
318754 319105
319561 319961
320074 320355
320390 320557
320564 320735
320909 321023
321470 321553
321986 322079
322265 322664
323136 323233
323491 323537
323899 324232
324273 324537
324841 325011
325238 325433
325808 326067
326371 326543
326649 326707
327020 327372
327673 327937
328434 328597
328844 329204
329664 330005
330336 330484
330698 331087
331249 331564
331615 331855
332168 332328
332803 332996
333367 333746
333817 333989
334435 334675
334863 334943
335283 335448
335827 336002
336087 336304
336386 336754
337071 337437
337640 338010
338164 338221
338602 338844
338904 338968
339336 339660
340146 340509
340667 340776
341182 341339
341742 341874
342154 342360
342823 342841
343283 343448
343644 343782
344008 344238
344329 344673
344731 345000
345394 345548
346021 346187
346623 346727
346785 346815
347051 347212
347328 347691
347722 348110
348278 348556
348933 349065
349083 349122
349488 349555
349624 349681
350007 350218
350399 350670
350938 351141
351558 351641
351668 351815
352139 352379
352505 352874
353056 353419
353425 353496
353673 353931
354123 354394
354617 355001
355470 355576
355805 355986
356413 356758
357129 357406
357903 358210
358659 358678
359164 359320
359324 359671
359929 360275
360641 360709
361198 361233
361260 361344
361623 361671
361928 362071
362554 362689
362729 362786
362871 363047
363294 363318
363519 363883
364156 364286
364468 364702
364850 365062
365070 365224
365411 365548
365943 366298
366501 366749
366796 367060
367256 367296
367567 367913
368247 368647
368820 368917
369107 369247
369642 369816
370106 370173
370540 370900
371231 371450
371776 371925
372387 372409
372519 372800
372980 373221
373673 374020
374022 374226
374228 374554
374905 374948
375308 375684
376012 376073
376281 376567
376966 377202
377643 377765
377911 378070
378497 378642
379033 379233
379340 379471
379483 379698
380000 380128
380177 380438
380775 380837
380900 380919
381164 381543
381769 381972
382233 382406
382638 382861
383160 383548
383621 383951
384017 384035
384530 384825
385238 385584
385700 385962
386151 386344
386510 386879
386891 386971
387138 387312
387339 387702
387906 388202
388620 388715
388781 388985
389267 389516
389846 390225
390618 390758
391248 391552
391809 391996
392402 392655
393145 393177
393619 393772
394048 394092
394120 394382
394539 394839
395234 395456
395582 395659
395820 396092
396217 396368
396763 397093
397547 397821
397891 398178
398671 398872
398873 399233
399455 399599
399866 399911
400050 400188
400510 400850
400953 401107
401113 401484
401978 402091
402207 402495
402962 403196
403589 403815
403853 403920
404034 404128
404475 404590
404637 404770
405175 405230
405295 405645
405997 406081
406455 406697
406884 406916
407344 407635
407687 407698
407968 408232
408715 408728
408956 409099
409410 409417
409844 409922
410382 410451
410874 410912
411295 411480
411635 411902
412305 412524
412914 413218
413353 413705
413988 414147
414608 414750
414989 415287
415330 415494
415554 415753
416049 416289
416697 416775
416985 417349
417819 417873
417968 418361
418427 418464
418842 418947
419313 419680
420150 420214
420393 420482
420492 420570
421064 421327
421371 421582
421628 421651
421940 422009
422360 422718
423135 423254
423445 423579
423861 424033
424302 424626
424659 424873
425014 425018
425346 425746
425851 425998
426105 426236
426468 426716
426770 427126
427451 427645
428023 428109
428193 428337
428690 428706
428762 429063
429274 429492
429673 429919
430414 430745
430775 431121
431191 431302
431503 431624
432058 432394
432617 432834
433251 433506
433607 433677
433749 434036
434103 434471
434572 434575
434924 434991
435132 435433
435647 435786
436136 436286
436329 436597
436912 437045
437172 437205
437232 437366
437377 437440
437722 437825
437963 437978
438217 438392
438543 438706
438780 439031
439247 439314
439774 439870
440103 440124
440278 440571
441018 441241
441381 441650
441748 442063
442139 442385
442643 442800
442948 443055
443082 443443
443632 443773
443884 444251
444543 444550
444961 445315
445699 445813
446203 446411
446871 446921
447017 447287
447417 447526
447740 448028
448524 448535
448778 449042
449198 449215
449613 449619
449937 450059
450256 450488
450682 450686
451087 451103
451232 451326
451541 451617
451893 452139
452484 452741
452852 453197
453511 453632
453874 454127
454272 454642
454685 454859
455337 455408
455638 455829
456118 456149
456638 456860
456997 457148
457261 457424
457760 458114
458166 458393
458687 458991
459293 459384
459600 459681
460078 460284
460333 460490
460540 460696
460851 461245
461537 461820
462128 462334
462782 462969
463433 463708
463831 464141
464573 464710
464927 464932
465252 465338
465705 465803
466212 466381
466396 466513
466720 467037
467258 467527
467695 467778
467801 468053
468501 468840
469320 469475
469827 470138
470608 470732
470848 471084
471094 471238
471417 471509
471711 471968
472461 472790
472902 473275
473329 473714
474179 474283
474775 474891
475374 475616
475640 475914
476175 476404
476608 476751
477100 477425
477753 478029
478306 478660
478691 478727
479095 479460
479776 479892
480297 480308
480786 481053
481524 481633
481923 482169
482200 482262
482600 482913
483143 483227
483419 483608
483698 483764
484201 484274
484332 484677
484900 485186
485422 485501
485784 485963
486408 486802
487240 487576
487819 487957
487963 488153
488645 488767
488808 489010
489382 489737
490103 490447
490566 490581
490812 491019
491369 491682
492018 492248
492635 492648
493022 493091
493136 493479
493668 493912
494152 494534
494849 495159
495427 495789
496054 496259
496345 496618
496976 497285
497557 497821
498042 498258
498477 498559
498685 498792
499267 499539
499663 499904
500346 500733
501024 501031
501487 501877
502372 502590
502792 503050
503217 503418
503466 503613
503701 504009
504416 504486
504697 504818
505046 505274
505760 505966
506139 506198
506373 506594
506823 507153
507495 507703
508031 508163
508613 508642
508818 509030
509276 509333
509788 509790
510082 510188
510278 510638
510911 511193
511342 511422
511501 511865
512075 512302
512797 513153
513425 513439
513674 513767
513939 514176
514317 514378
514480 514872
514937 515055
515357 515689
516175 516239
516358 516441
516543 516795
516909 517117
517554 517822
517937 518190
518330 518410
518632 518868
519260 519625
519756 520054
520225 520618
520712 520930
521054 521069
521397 521701
521979 521994
522210 522360
522531 522917
523411 523635
523982 524091
524496 524713
525084 525246
525316 525568
525799 526069
526552 526638
527137 527201
527367 527644
527664 527899
528286 528346
528550 528669
528902 529041
529244 529457
529734 529910
530176 530527
531022 531189
531375 531655
532105 532138
532161 532185
532682 532842
532951 533321
533671 533945
534095 534453
534776 535031
535478 535794
536203 536410
536567 536696
537171 537226
537608 537774
538050 538262
538590 538879
539026 539197
539292 539675
539820 540007
540248 540466
540598 540880
541163 541505
541747 541948
542191 542494
542727 542769
543267 543581
543897 544101
544172 544176
544586 544626
544640 545000
545099 545244
545529 545794
545819 545959
546341 546347
546751 547111
547260 547656
548060 548074
548510 548808
548990 549064
549190 549577
549938 550013
550171 550369
550433 550677
551003 551049
551257 551335
551666 551923
552166 552386
552526 552760
553061 553119
553295 553399
553818 554095
554592 554808
555042 555168
555270 555643
555832 556158
556496 556891
557076 557352
557833 557889
557952 558166
558324 558648
558909 559209
559667 560051
560483 560701
561135 561185
561339 561653
561974 562109
562220 562247
562486 562838
562914 563060
563264 563476
563779 564077
564271 564363
564860 565018
565167 565476
565518 565783
566146 566538
566930 567142
567561 567567
567663 567855
568198 568199
568619 568765
568907 569054
569103 569386
569774 569918
570142 570316
570510 570530
570775 570948
570980 571177
571608 571732
572095 572219
572293 572680
573046 573073
573346 573437
573644 573850
574052 574310
574633 574662
575010 575329
575829 576128
576194 576208
576595 576820
577230 577452
577504 577805
578059 578318
578388 578484
578633 578717
578774 578937
579226 579556
580002 580166
580177 580427
580809 581192
581456 581831
581947 582012
582290 582610
582817 583098
583198 583242
583604 583931
584156 584406
584613 584617
585051 585273
585370 585576
585697 585992
586374 586487
586836 587149
587599 587771
588078 588434
588645 588653
589013 589408
589766 589947
590027 590329
590602 590920
591366 591751
592241 592317
592802 593092
593207 593503
593692 593785
593844 593938
593953 594003
594400 594744
594998 595347
595782 596170
596493 596613
596665 596984
597400 597680
597749 597866
598247 598478
598824 599169
599551 599725
599910 600076
600444 600553
600692 601087
601200 601446
601927 601983
602304 602317
602361 602431
602838 603007
603216 603301
603691 604078
604216 604315
604495 604750
605217 605449
605771 605794
605807 606094
606217 606398
606820 606830
607029 607303
607449 607602
607789 607827
607982 608164
608459 608519
608734 608770
609180 609253
609372 609389
609873 610091
610370 610635
611067 611368
611788 611984
612247 612544
612636 613027
613242 613538
613675 613881
613885 614115
614252 614389
614566 614650
614721 614794
614842 615205
615270 615405
615574 615850
615958 616317
616492 616805
617135 617402
617474 617833
618300 618515
618839 618995
619214 619314
619411 619676
620027 620136
620572 620636
620756 620847
621104 621367
621778 621866
622257 622355
622815 622840
623198 623247
623288 623671
623832 624086
624332 624597
624985 625162
625166 625347
625591 625652
626106 626159
626371 626663
626959 627093
627535 627790
628083 628172
628607 628821
629276 629501
629542 629750
630218 630325
630396 630737
630763 631015
631061 631269
631641 631681
631927 632321
632621 632898
633154 633321
633686 633802
634294 634332
634821 635081
635393 635752
636068 636148
636387 636568
636949 637152
637576 637857
638156 638157
638653 638973
639086 639395
639410 639501
639821 640126
640134 640282
640442 640711
640878 641044
641249 641304
641318 641561
641901 641986
642361 642475
642953 643291
643569 643591
643827 643845
644181 644377
644402 644572
644840 645009
645117 645298
645593 645658
645902 646257
646443 646530
646627 646787
647113 647393
647498 647878
648134 648351
648375 648613
649008 649108
649338 649658
649818 649979
650131 650262
650314 650415
650829 651114
651399 651525
651897 652185
652482 652739
653127 653413
653891 653925
654425 654539
654984 655244
655394 655621
655680 656078
656256 656380
656647 656971
657363 657607
658087 658094
658334 658502
658579 658741
658933 659177
659374 659566
659663 660045
660434 660792
661199 661426
661596 661660
662133 662530
662648 662935
663385 663426
663472 663850
664065 664231
664455 664697
665089 665204
665569 665727
666098 666313
666369 666464
666609 666918
667028 667359
667607 667998
668463 668687
668981 669002
669280 669375
669433 669797
670169 670281
670355 670521
670908 670909
671074 671139
671252 671436
671450 671633
671864 671873
671984 672192
672268 672602
672844 672963
673134 673433
673697 674061
674063 674174
674352 674563
674629 674792
674868 675098
675322 675667
675984 676021
676312 676387
676442 676839
677031 677235
677455 677587
677833 677973
678360 678482
678652 678870
679285 679375
679409 679749
679889 680042
680352 680467
680523 680610
680783 681009
681320 681566
682044 682173
682465 682694
683138 683153
683653 683970
684256 684428
684650 684835
684930 685301
685792 686057
686417 686781
686998 687267
687334 687517
687754 687892
688277 688454
688662 688714
688717 689057
689155 689215
689533 689731
689824 690075
690446 690643
691140 691325
691700 691919
691939 692153
692360 692528
692778 692874
693358 693572
694026 694355
694709 694754
694923 695048
695152 695471
695744 695881
696019 696207
696216 696415
696893 697081
697541 697700
697748 697762
698167 698312
698395 698580
698681 698778
698948 699099
699432 699807
700052 700447
700520 700612
700628 700705
701131 701163
701528 701744
702128 702369
702514 702637
703096 703462
703736 704067
704472 704523
704880 704965
704997 705288
705527 705623
706033 706210
706322 706685
706700 706883
707257 707517
707817 708023
708177 708571
708857 709020
709021 709156
709376 709762
709897 710082
710272 710422
710663 711060
711446 711549
711919 712006
712454 712707
712803 712934
713380 713750
713841 713986
714342 714669
714713 715026
715096 715265
715509 715846
716092 716443
716721 716826
717129 717448
717638 718017
718052 718266
718321 718532
718992 719177
719438 719552
719956 720216
720556 720569
720849 720983
721439 721490
721917 722192
722306 722676
723087 723267
723627 723916
724003 724162
724630 724803
725210 725342
725463 725618
725769 725973
726388 726536
726639 726869
727138 727261
727747 727990
728019 728335
728584 728648
728836 729081
729451 729537
729719 729886
729961 730084
730106 730503
730644 730805
731289 731558
732022 732093
732320 732403
732900 733159
733351 733509
733930 733995
734455 734609
734882 735014
735450 735709
736139 736309
736789 736874
737174 737331
737623 737912
738263 738456
738794 739168
739647 739957
740081 740093
740549 740572
740859 741053
741522 741687
741986 742185
742464 742698
742824 742850
743331 743585
743866 743975
744252 744355
744814 745203
745373 745703
746142 746485
746792 746798
747130 747204
747272 747664
747789 748129
748275 748308
748680 748735
749227 749350
749528 749705
749929 750139
750503 750562
750975 751210
751575 751922
752108 752507
752711 753058
753082 753217
753661 753822
753861 753914
754091 754226
754411 754787
754934 755120
755334 755374
755844 756154
756296 756319
756630 756663
756860 756863
757204 757561
758053 758298
758674 758959
759222 759478
759576 759872
760333 760518
760847 761053
761503 761756
761827 762144
762612 762737
762890 762894
763202 763373
763566 763722
764159 764550
764798 764973
764984 765118
765335 765533
765698 765938
766318 766485
766706 766999
767092 767297
767673 767802
768287 768626
768965 769327
769656 769708
770047 770188
770341 770658
770912 771051
771071 771369
771408 771471
771699 771973
772249 772502
772503 772817
773291 773419
773622 773850
773900 773960
774340 774437
774516 774909
775161 775509
775613 775866
776086 776330
776764 777097
777206 777427
777839 778156
778278 778616
778991 779373
779442 779746
780210 780340
780554 780725
780784 781064
781436 781755
782237 782441
782639 782641
782845 783204
783413 783485
783581 783898
784068 784358
784698 784858
785263 785649
785824 785988
786355 786540
786918 787290
787468 787721
788010 788281
788517 788559
788919 789107
789493 789770
789795 789872
790216 790387
790806 790877
791173 791294
791541 791723
791887 791944
792335 792425
792789 792889
792932 793310
793322 793376
793435 793530
794004 794081
794226 794431
794509 794538
794836 794849
795198 795332
795429 795576
795732 795822
795990 796107
796561 796788
797002 797036
797399 797654
797689 797902
798069 798176
798339 798705
798709 799008
799049 799387
799423 799557
799944 800232
800416 800563
800745 801024
801297 801477
801771 801942
802366 802609
802951 803230
803467 803549
803978 804012
804400 804625
804813 804969
805000 805099
805224 805289
805482 805725
805877 806272
806695 806857
806926 807042
807184 807404
807423 807562
808048 808156
808270 808614
808979 809143
809199 809475
809762 809992
810149 810427
810459 810668
810720 811075
811175 811319
811486 811844
811948 812020
812451 812767
812923 813053
813092 813364
813656 813965
814136 814493
814784 814834
815141 815405
815413 815683
815811 816009
816399 816706
817003 817341
817784 818098
818139 818479
818771 818785
819036 819264
819669 819736
820046 820239
820526 820880
821150 821422
821812 822207
822375 822464
822546 822692
823015 823405
823855 824012
824492 824576
824974 825078
825162 825345
825661 825958
826186 826545
826592 826752
826784 826870
827290 827454
827945 828260
828662 828854
828874 829234
829612 829746
830069 830230
830292 830460
830580 830643
830879 831030
831259 831377
831449 831838
831910 831919
832022 832234
832404 832551
832856 833174
833443 833572
833583 833613
833647 833932
834411 834477
834767 835104
835291 835432
835915 836311
836735 836793
836823 836876
837284 837352
837492 837496
837606 837946
838069 838276
838396 838595
838690 838853
839043 839271
839673 840039
840287 840672
841042 841153
841342 841621
842041 842327
842634 842876
843358 843632
843700 844015
844168 844289
844615 844922
845195 845299
845720 846059
846283 846661
846990 847216
847469 847604
847627 847650
848055 848136
848505 848511
848874 849062
849299 849696
849930 850250
850373 850431
850654 850814
850976 851221
851631 851653
852012 852128
852137 852347
852361 852652
853083 853371
853827 853966
854122 854298
854509 854557
854858 855087
855542 855879
856122 856128
856169 856240
856678 856883
857137 857340
857772 857991
858261 858527
858722 859071
859455 859521
859600 859636
859903 860106
860115 860329
860765 860873
861075 861335
861501 861822
862107 862299
862511 862596
862841 863201
863364 863657
863938 864218
864261 864637
864697 864936
865305 865696
865942 866080
866426 866711
867100 867310
867478 867598
867886 868167
868543 868873
869220 869560
870026 870053
870341 870463
870938 871162
871421 871564
871954 872182
872424 872638
872669 872817
872841 872934
873178 873504
873599 873727
873980 874154
874305 874518
874596 874629
874652 874857
875267 875568
875742 875791
875937 876269
876330 876605
876616 876688
877120 877281
877399 877719
877865 877938
878123 878212
878317 878568
878804 878829
879009 879154
879477 879560
879811 879898
880221 880233
880681 880960
881314 881711
882158 882247
882369 882547
882689 882844
883199 883438
883695 883766
883853 884166
884442 884495
884630 885007
885100 885275
885458 885677
886088 886169
886408 886583
886970 887260
887395 887529
887611 887932
888128 888240
888253 888280
888525 888625
888839 889107
889490 889784
890266 890456
890666 890950
891288 891666
891968 892340
892763 893142
893450 893777
894251 894519
894691 894827
894932 894956
895371 895461
895873 896231
896637 896728
896932 897023
897296 897539
898017 898377
898797 899005
899476 899678
900034 900397
900648 901025
901132 901295
901791 901841
902281 902426
902613 902964
903167 903359
903531 903680
904054 904413
904749 904879
905336 905367
905604 905756
905893 906175
906641 906812
907128 907192
907579 907745
908162 908315
908744 908755
908906 909148
909546 909866
910333 910538
910949 911149
911339 911473
911774 912139
912488 912567
913037 913171
913349 913608
913682 914055
914268 914578
914996 915381
915649 915884
916302 916415
916474 916827
917014 917399
917774 918060
918409 918486
918871 919128
919310 919320
919484 919853
919873 920166
920336 920590
921000 921351
921737 922040
922152 922421
922704 922914
923111 923292
923528 923603
923609 923662
923725 924011
924275 924336
924415 924474
924598 924620
925043 925196
925325 925422
925632 925938
926100 926462
926703 926933
927044 927126
927500 927678
927794 927855
928125 928161
928454 928751
929168 929337
929619 929774
929809 929946
930037 930396
930855 931078
931408 931633
931858 932056
932506 932854
932995 933022
933029 933198
933330 933545
933965 934330
934779 934991
935394 935672
935723 935977
936300 936422
936761 936764
937034 937321
937332 937334
937393 937686
937946 938293
938584 938769
939074 939142
939549 939795
939888 939936
940357 940433
940475 940704
940974 941230
941291 941340
941796 941981
942415 942648
943068 943431
943614 943787
944246 944598
944985 945158
945200 945454
945461 945833
945889 946096
946179 946182
946566 946959
947341 947380
947400 947405
947684 947976
948344 948369
948800 948910
949312 949554
949896 950106
950573 950640
950930 951028
951214 951310
951403 951775
951980 952306
952640 952676
952747 952818
953052 953354
953601 953675
953877 954048
954279 954565
954730 954846
955032 955121
955142 955416
955820 956034
956115 956157
956516 956640
956880 957103
957588 957912
958166 958524
958643 958688
958950 958999
959080 959199
959549 959708
959810 960036
960427 960721
960740 961035
961529 961899
962126 962379
962485 962877
963136 963337
963602 963645
964073 964367
964620 964900
965229 965471
965930 966185
966348 966565
966580 966731
966770 966919
967038 967103
967113 967446
967561 967748
967828 968040
968397 968742
969186 969574
969817 969969
970011 970265
970429 970600
970601 970642
971061 971167
971492 971805
972053 972124
972328 972614
973069 973149
973584 973867
973879 974009
974089 974415
974749 975129
975422 975790
975831 976049
976187 976540
976671 977050
977482 977658
978037 978390
978546 978746
979084 979120
979177 979425
979629 979828
980039 980416
980468 980784
981100 981273
981452 981597
981690 981748
982113 982236
982651 982872
983318 983566
983953 984061
984215 984278
984433 984467
984695 985025
985400 985498
985501 985877
985988 986330
986520 986751
987222 987242
987423 987459
987747 988081
988387 988676
988987 989324
989822 990147
990507 990679
990809 991086
991405 991699
991999 992170
992298 992400
992849 993065
993372 993570
994017 994120
994206 994449
994901 994949
995003 995116
995479 995802
996229 996557
996667 996897
996952 997205
997543 997907
998400 998679
998977 999047
999085 999100
999375 999718
1000212 1000297
1000394 1000643
1001107 1001497
1001607 1001649
1001741 1001987
1002133 1002309
1002376 1002723
1003174 1003374
1003724 1004037
1004357 1004369
1004576 1004764
1004924 1004974
1005354 1005409
1005413 1005747
1005857 1005996
1006480 1006684
1007102 1007450
1007492 1007692
1008167 1008371
1008843 1009057
1009280 1009386
1009791 1009908
1010276 1010643
1010674 1010951
1011415 1011532
1012013 1012113
1012535 1012852
1013086 1013225
1013444 1013722
1014120 1014321
1014523 1014579
1014610 1014726
1014959 1015352
1015683 1016037
1016115 1016352
1016813 1016898
1017197 1017273
1017699 1017877
1018022 1018395
1018469 1018477
1018654 1018957
1019239 1019601
1019948 1020029
1020184 1020569
1021034 1021099
1021434 1021680
1022077 1022322
1022709 1023004
1023368 1023478
1023723 1023765
1024123 1024318
1024801 1025012
1025022 1025123
1025352 1025517
1025997 1026236
1026386 1026747
1026829 1027076
1027323 1027421
1027553 1027890
1028045 1028303
1028404 1028802
1029008 1029200
1029535 1029809
1029870 1029902
1029908 1030020
1030055 1030089
1030205 1030491
1030828 1030969
1031267 1031471
1031655 1032001
1032366 1032547
1033008 1033042
1033498 1033700
1034064 1034318
1034510 1034747
1035022 1035213
1035571 1035752
1036149 1036309
1036772 1036776
1037221 1037611
1037862 1038156
1038341 1038687
1039073 1039440
1039860 1040052
1040410 1040663
1040707 1040884
1041223 1041619
1041954 1041990
1042040 1042264
1042732 1043064
1043214 1043473
1043878 1043948
1044387 1044437
1044685 1045060
1045539 1045819
1046310 1046463
1046617 1046793
1047173 1047485
1047650 1047760
1047953 1047975
1048109 1048257
1048506 1048893
1049222 1049587
1049769 1050005
1050166 1050254
1050661 1050781
1050826 1051027
1051504 1051820
1052258 1052274
1052689 1052957
1053447 1053562
1053965 1054097
1054354 1054562
1055003 1055319
1055414 1055651
1055759 1056092
1056184 1056446
1056632 1056710
1057129 1057201
1057248 1057261
1057666 1057887
1058032 1058277
1058678 1058743
1059172 1059267
1059545 1059641
1059664 1059813
1060144 1060317
1060453 1060751
1060945 1061302
1061313 1061563
1061904 1061942
1062048 1062300
1062344 1062451
1062585 1062628
1063079 1063187
1063206 1063534
1063651 1064027
1064503 1064893
1064987 1065048
1065411 1065528
1065700 1066075
1066506 1066511
1066771 1067100
1067462 1067826
1067882 1068276
1068396 1068448
1068618 1068885
1069017 1069085
1069335 1069496
1069526 1069566
1069717 1070029
1070264 1070424
1070814 1070916
1071095 1071366
1071549 1071688
1071744 1072131
1072608 1072687
1073079 1073447
1073482 1073723
1073871 1073980
1074356 1074450
1074528 1074540
1074863 1075225
1075619 1075904
1076107 1076317
1076814 1076855
1077316 1077610
1078110 1078463
1078767 1079032
1079206 1079415
1079470 1079790
1080233 1080252
1080696 1081059
1081528 1081828
1082100 1082248
1082677 1082982
1083230 1083533
1083910 1084176
1084301 1084619
1085111 1085184
1085466 1085739
1086162 1086232
1086549 1086727
1086993 1087115
1087594 1087782
1087925 1088030
1088093 1088427
1088862 1089191
1089591 1089894
1090096 1090425
1090907 1091046
1091275 1091442
1091939 1092126
1092256 1092542
1092876 1093106
1093430 1093471
1093818 1094163
1094626 1094788
1094873 1095149
1095164 1095338
1095691 1096016
1096351 1096529
1097011 1097299
1097664 1097966
1098151 1098364
1098547 1098706
1099022 1099420
1099538 1099818
1100303 1100462
1100503 1100879
1101106 1101138
1101411 1101808
1102174 1102355
1102611 1102904
1103067 1103274
1103641 1103779
1104216 1104297
1104771 1104982
1105066 1105091
1105110 1105442
1105837 1105946
1106349 1106362
1106538 1106694
1106753 1106959
1107039 1107215
1107467 1107573
1107813 1107905
1107978 1108271
1108763 1108913
1108982 1109235
1109660 1109767
1110244 1110414
1110913 1110953
1110969 1110976
1111281 1111351
1111778 1111853
1112241 1112535
1112548 1112820
1113050 1113172
1113230 1113579
1113632 1113937
1114289 1114408
1114756 1115046
1115055 1115405
1115552 1115758
1116038 1116276
1116338 1116448
1116698 1117047
1117513 1117648
1117678 1118044
1118344 1118624
1118806 1119048
1119342 1119410
1119771 1120017
1120384 1120492
1120861 1121166
1121348 1121622
1122096 1122324
1122527 1122816
1123193 1123250
1123680 1123744
1123831 1123873
1124309 1124580
1124583 1124956
1125198 1125316
1125552 1125893
1126124 1126375
1126378 1126408
1126904 1127293
1127475 1127675
1127816 1127985
1128347 1128361
1128512 1128822
1129008 1129092
1129564 1129861
1130335 1130665
1130840 1130867
1131238 1131537
1131855 1132188
1132631 1132991
1133053 1133270
1133462 1133794
1134011 1134107
1134321 1134472
1134759 1134866
1134903 1135246
1135592 1135717
1135775 1135925
1136211 1136284
1136511 1136755
1136775 1137000
1137489 1137582
1137772 1138056
1138463 1138582
1138909 1139051
1139375 1139456
1139612 1139774
1139865 1139987
1140055 1140351
1140486 1140738
1141037 1141164
1141251 1141439
1141892 1141949
1142433 1142602
1142763 1142992
1143377 1143671
1144141 1144402
1144453 1144491
1144734 1145101
1145181 1145453
1145737 1145904
1146333 1146336
1146489 1146656
1147095 1147312
1147672 1147831
1148120 1148444
1148658 1148867
1149043 1149192
1149286 1149439
1149812 1150030
1150108 1150256
1150295 1150370
1150633 1150648
1151134 1151369
1151592 1151868
1152182 1152543
1152982 1153240
1153379 1153685
1153786 1154168
1154171 1154204
1154227 1154424
1154876 1155264
1155390 1155526
1155685 1155728
1156208 1156390
1156855 1157187
1157607 1157656
1157953 1158191
1158536 1158904
1159128 1159490
1159984 1160159
1160372 1160583
1160918 1161001
1161196 1161300
1161684 1161906
1161988 1162061
1162197 1162334
1162750 1163058
1163399 1163689
1163813 1164117
1164557 1164908
1165188 1165499
1165661 1165971
1166433 1166535
1167011 1167267
1167459 1167625
1167803 1167884
1167919 1167936
1168143 1168407
1168586 1168906
1169166 1169215
1169674 1169837
1170103 1170260
1170351 1170613
1170782 1170835
1171068 1171138
1171481 1171747
1172218 1172340
1172780 1172900
1173260 1173614
1173840 1174018
1174509 1174787
1175114 1175400
1175885 1175929
1176376 1176630
1176745 1176810
1177273 1177429
1177853 1178014
1178237 1178602
1178873 1179001
1179239 1179331
1179808 1180106
1180116 1180142
1180389 1180538
1180673 1180942
1181191 1181430
1181908 1182151
1182554 1182843
1182912 1183264
1183420 1183422
1183873 1184161
1184285 1184416
1184620 1184998
1185085 1185111
1185507 1185564
1185620 1185678
1185939 1186149
1186564 1186698
1187088 1187434
1187522 1187909
1188284 1188589
1188684 1189027
1189117 1189389
1189848 1190195
1190569 1190768
1191056 1191131
1191173 1191381
1191385 1191649
1191865 1192039
1192498 1192844
1193282 1193682
1194116 1194353
1194702 1194984
1195452 1195758
1196110 1196448
1196683 1196858
1196927 1197227
1197400 1197633
1197884 1197895
1198049 1198303
1198530 1198889
1198969 1199068
1199233 1199584
1199974 1200323
1200553 1200843
1201181 1201289
1201528 1201902
1202011 1202257
1202697 1202829
1203170 1203492
1203584 1203643
1203825 1203875
1204180 1204546
1204900 1204978
1205324 1205561
1205951 1206035
1206275 1206468
1206839 1207062
1207086 1207446
1207519 1207709
1207901 1208218
1208587 1208662
1208744 1209014
1209079 1209244
1209636 1209985
1210465 1210620
1210630 1211029
1211228 1211534
1211807 1212205
1212462 1212777
1212934 1213246
1213688 1214041
1214138 1214304
1214517 1214694
1214832 1215089
1215237 1215391
1215812 1216093
1216297 1216438
1216533 1216771
1217117 1217423
1217496 1217625
1217949 1218292
1218754 1218755
1218996 1219161
1219587 1219812
1220052 1220218
1220502 1220732
1220901 1221285
1221291 1221324
1221723 1221764
1221817 1222087
1222180 1222571
1222725 1222966
1223133 1223425
1223829 1223975
1224475 1224770
1225049 1225071
1225148 1225346
1225535 1225704
1225978 1226146
1226196 1226233
1226391 1226552
1226987 1227259
1227508 1227736
1228137 1228251
1228477 1228605
1229077 1229092
1229237 1229422
1229532 1229809
1230124 1230162
1230565 1230748
1231196 1231312
1231339 1231553
1231948 1232191
1232231 1232277
1232483 1232878
1233009 1233152
1233169 1233199
1233589 1233893
1233947 1234023
1234438 1234605
1234844 1234854
1235112 1235218
1235390 1235787
1235860 1236099
1236413 1236564
1236795 1236889
1236982 1237091
1237540 1237854
1238149 1238188
1238321 1238381
1238720 1239016
1239499 1239881
1240297 1240347
1240773 1240927
1241090 1241144
1241478 1241564
1241807 1242180
1242229 1242339
1242746 1243025
1243368 1243676
1243800 1243885
1244002 1244274
1244551 1244894
1245216 1245325
1245817 1246059
1246121 1246260
1246728 1246817
1246981 1247023
1247066 1247216
1247586 1247903
1247938 1248127
1248339 1248504
1248913 1249290
1249291 1249334
1249336 1249414
1249624 1249917
1250209 1250339
1250665 1250853
1251249 1251615
1251743 1251931
1251978 1252348
1252398 1252583
1252797 1253165
1253339 1253722
1253733 1253887
1254059 1254115
1254138 1254365
1254651 1255045
1255504 1255683
1255710 1255741
1256208 1256605
1256672 1257051
1257530 1257644
1257932 1257945
1258045 1258221
1258436 1258764
1258783 1258942
1259022 1259260
1259730 1259905
1260062 1260200
1260268 1260347
1260537 1260723
1260941 1261239
1261389 1261737
1261930 1262130
1262263 1262436
1262779 1263050
1263228 1263486
1263957 1264057
1264356 1264723
1264892 1264951
1265096 1265155
1265253 1265426
1265827 1265890
1266008 1266361
1266727 1266861
1267036 1267094
1267120 1267383
1267615 1267665
1268129 1268157
1268337 1268347
1268784 1268959
1269264 1269604
1269868 1270117
1270251 1270646
1270712 1270745
1270759 1270802
1271062 1271101
1271554 1271815
1271882 1271986
1272129 1272513
1272847 1273232
1273277 1273479
1273649 1273850
1274298 1274393
1274571 1274945
1275221 1275461
1275709 1276004
1276339 1276432
1276626 1276669
1276882 1277178
1277429 1277476
1277733 1277785
1278016 1278183
1278546 1278727
1278842 1279181
1279482 1279488
1279756 1279797
1280023 1280157
1280542 1280784
1280954 1281354
1281815 1281869
1281952 1282124
1282558 1282939
1282989 1283083
1283569 1283819
1284275 1284370
1284449 1284833
1284912 1284919
1285029 1285301
1285486 1285659
1285840 1286239
1286571 1286947
1287070 1287258
1287297 1287502
1287915 1287925
1288396 1288692
1289074 1289125
1289360 1289611
1290096 1290117
1290120 1290471
1290843 1291239
1291390 1291667
1292121 1292324
1292351 1292557
1293034 1293357
1293686 1293894
1294180 1294316
1294778 1295099
1295268 1295297
1295467 1295554
1295990 1296313
1296626 1296642
1297108 1297149
1297496 1297512
1297806 1297830
1298006 1298144
1298149 1298455
1298887 1299147
1299158 1299260
1299630 1299828
1300200 1300561
1300729 1301090
1301137 1301422
1301754 1301930
1302387 1302476
1302520 1302903
1303091 1303222
1303586 1303775
1303862 1304248
1304536 1304722
1304766 1304818
1305112 1305309
1305499 1305527
1305820 1306157
1306175 1306467
1306877 1307065
1307164 1307545
1307948 1308201
1308465 1308864
1308882 1309257
1309293 1309609
1309723 1310039
1310053 1310321
1310497 1310856
1310944 1311034
1311117 1311326
1311629 1311893
1312273 1312409
1312874 1313068
1313175 1313333
1313778 1313926
1314072 1314366
1314595 1314929
1315342 1315670
1315955 1316153
1316628 1316753
1317226 1317487
1317886 1318038
1318282 1318304
1318602 1318649
1318757 1318970
1319456 1319534
1319937 1320034
1320133 1320177
1320209 1320419
1320453 1320499
1320951 1321134
1321400 1321768
1322049 1322184
1322294 1322527
1322895 1323116
1323585 1323730
1323838 1323858
1324092 1324108
1324300 1324550
1324993 1325085
1325117 1325510
1325836 1326141
1326205 1326272
1326426 1326465
1326767 1326985
1327314 1327589
1327597 1327852
1328258 1328477
1328767 1328784
1329145 1329339
1329623 1329890
1330170 1330509
1330796 1331021
1331303 1331546
1331741 1332057
1332372 1332447
1332745 1333033
1333308 1333437
1333689 1334080
1334156 1334254
1334489 1334507
1334540 1334826
1334884 1335064
1335393 1335463
1335753 1335878
1335917 1336243
1336545 1336785
1336852 1337114
1337291 1337664
1337672 1337998
1338330 1338614
1338758 1338782
1339164 1339225
1339475 1339576
1339803 1340143
1340574 1340749
1340839 1341153
1341351 1341563
1341658 1341975
1342092 1342096
1342212 1342429
1342844 1343223
1343386 1343668
1344054 1344306
1344307 1344318
1344488 1344620
1345091 1345128
1345514 1345864
1346154 1346512
1346587 1346618
1347000 1347082
1347313 1347386
1347478 1347647
1348033 1348126
1348376 1348665
1348890 1348914
1349220 1349289
1349480 1349530
1349842 1349867
1350095 1350219
1350561 1350758
1351248 1351303
1351401 1351750
1352193 1352479
1352973 1353187
1353585 1353731
1353740 1354077
1354201 1354336
1354418 1354610
1354927 1355173
1355427 1355577
1355948 1356193
1356445 1356625
1356733 1356912
1357195 1357542
1357833 1358121
1358209 1358389
1358456 1358518
1358773 1358798
1358906 1359114
1359248 1359473
1359639 1360027
1360293 1360397
1360620 1361016
1361109 1361247
1361506 1361862
1362061 1362406
1362429 1362672
1363089 1363335
1363481 1363877
1364179 1364299
1364747 1364858
1365026 1365272
1365309 1365602
1365999 1366102
1366513 1366559
1366626 1366829
1367300 1367416
1367689 1367759
1367981 1368108
1368114 1368367
1368578 1368688
1368895 1369081
1369188 1369469
1369655 1369682
1370173 1370343
1370390 1370705
1371061 1371346
1371497 1371651
1372104 1372293
1372759 1373031
1373047 1373226
1373473 1373705
1373771 1373870
1374033 1374376
1374479 1374872
1375127 1375133
1375520 1375821
1376094 1376426
1376634 1376868
1376967 1377201
1377461 1377860
1377976 1378076
1378387 1378557
1378629 1378782
1379235 1379332
1379462 1379796
1379923 1380006
1380148 1380274
1380335 1380520
1380542 1380848
1381246 1381560
1381802 1382042
1382199 1382241
1382407 1382751
1382843 1382860
1382906 1383213
1383469 1383682
1384079 1384304
1384494 1384567
1384616 1384746
1385096 1385450
1385827 1386224
1386496 1386735
1387078 1387167
1387320 1387602
1387735 1387887
1388209 1388482
1388944 1389082
1389514 1389753
1389908 1390150
1390493 1390769
1391223 1391557
1391771 1391991
1392449 1392587
1392909 1393250
1393331 1393461
1393464 1393614
1393678 1393958
1394355 1394427
1394874 1394975
1395389 1395445
1395475 1395650
1395752 1395987
1396101 1396149
1396282 1396486
1396699 1396903
1396913 1397110
1397478 1397700
1397741 1397928
1397940 1398178
1398396 1398718
1398948 1398957
1399191 1399228
1399601 1399724
1400164 1400503
1400942 1400959
1401296 1401472
1401651 1402038
1402096 1402295
1402506 1402763
1403189 1403536
1403979 1404073
1404572 1404631
1404664 1404758
1405229 1405344
1405756 1405931
1406222 1406470
1406909 1406911
1406982 1407051
1407487 1407568
1408056 1408377
1408483 1408552
1408571 1408824
1409245 1409365
1409850 1410005
1410288 1410349
1410474 1410501
1410543 1410658
1410843 1410903
1410924 1411272
1411768 1411909
1411988 1412245
1412309 1412657
1413036 1413385
1413771 1413920
1414223 1414468
1414739 1414936
1414997 1415221
1415668 1415780
1415977 1416222
1416421 1416553
1416882 1417124
1417131 1417206
1417240 1417504
1417898 1418264
1418455 1418617
1418845 1418956
1419066 1419343
1419407 1419754
1419985 1419994
1420095 1420267
1420757 1420794
1420973 1421361
1421845 1422071
1422091 1422491
1422850 1423094
1423454 1423819
1423859 1424144
1424616 1424657
1424658 1424950
1425106 1425178
1425335 1425709
1426159 1426508
1426763 1426930
1427260 1427415
1427659 1427949
1427950 1428224
1428564 1428782
1429208 1429599
1430009 1430234
1430667 1430774
1431148 1431539
1431759 1432142
1432145 1432443
1432876 1433156
1433161 1433499
1433648 1433678
1433919 1433951
1434167 1434308
1434452 1434816
1435161 1435487
1435597 1435932
1436112 1436243
1436272 1436533
1436995 1437274
1437374 1437520
1437599 1437751
1437952 1438303
1438457 1438774
1439266 1439278
1439622 1439850
1440155 1440168
1440530 1440606
1440845 1441053
1441465 1441557
1441861 1441942
1442178 1442406
1442577 1442904
1443058 1443202
1443551 1443718
1443875 1444202
1444205 1444248
1444427 1444808
1444882 1445120
1445417 1445539
1445723 1445872
1446228 1446610
1446921 1447035
1447184 1447470
1447828 1448026
1448305 1448591
1449071 1449314
1449466 1449491
1449652 1449964
1450107 1450216
1450697 1450764
1451261 1451316
1451674 1451697
1451959 1452055
1452182 1452428
1452869 1453123
1453395 1453584
1453865 1453911
1454148 1454379
1454519 1454792
1454847 1455183
1455378 1455541
1455850 1456009
1456461 1456468
1456667 1456928
1457350 1457690
1458114 1458222
1458564 1458748
1458802 1459006
1459067 1459167
1459662 1459898
1460288 1460687
1460720 1460943
1460982 1461316
1461577 1461612
1461873 1461937
1461994 1462275
1462690 1462818
1463006 1463093
1463361 1463702
1464142 1464173
1464510 1464662
1465118 1465500
1465620 1465972
1466280 1466403
1466433 1466785
1466829 1467045
1467510 1467839
1468171 1468466
1468711 1468811
1469078 1469402
1469859 1470241
1470643 1470981
1471045 1471354
1471611 1471897
1472260 1472512
1472718 1473030
1473032 1473094
1473244 1473337
1473768 1474148
1474238 1474271
1474619 1475009
1475448 1475661
1475921 1476262
1476580 1476903
1477115 1477132
1477303 1477569
1477758 1477965
1478381 1478482
1478885 1478935
1478982 1479003
1479491 1479647
1479707 1479750
1479755 1480077
1480358 1480412
1480738 1481110
1481139 1481478
1481838 1481989
1482101 1482281
1482456 1482824
1483291 1483644
1483928 1484230
1484596 1484865
1484882 1485069
1485271 1485437
1485522 1485749
1485989 1486214
1486519 1486742
1486769 1487019
1487313 1487665
1487709 1488064
1488175 1488251
1488388 1488761
1489253 1489485
1489621 1489969
1490389 1490711
1490943 1491304
1491656 1491673
1491832 1492163
1492417 1492762
1493015 1493098
1493483 1493580
1493900 1494189
1494294 1494618
1494854 1494888
1495202 1495357
1495851 1496097
1496557 1496868
1497093 1497404
1497656 1498009
1498142 1498186
1498387 1498753
1499068 1499403
1499717 1499909
1500188 1500575
1501055 1501254
1501484 1501630
1501737 1502063
1502311 1502393
1502635 1502827
1502951 1503321
1503731 1503840
1504258 1504261
1504356 1504448
1504725 1504772
1505203 1505297
1505619 1505721
1506095 1506232
1506239 1506466
1506922 1507073
1507173 1507248
1507315 1507623
1507793 1507821
1508181 1508242
1508522 1508598
1508981 1509252
1509455 1509681
1510126 1510210
1510667 1510997
1511058 1511381
1511681 1512071
1512148 1512405
1512712 1513026
1513363 1513471
1513971 1514202
1514593 1514911
1514933 1515171
1515409 1515473
1515735 1516080
1516440 1516525
1516854 1517019
1517367 1517543
1517810 1517943
1518037 1518081
1518227 1518537
1518897 1518938
1519152 1519391
1519741 1520089
1520401 1520726
1521073 1521151
1521194 1521216
1521612 1521948
1522065 1522327
1522363 1522474
1522549 1522757
1522935 1523081
1523544 1523849
1524277 1524677
1524984 1525132
1525156 1525544
1525550 1525912
1526102 1526151
1526212 1526413
1526680 1526929
1527206 1527340
1527701 1527914
1528290 1528665
1529060 1529137
1529173 1529529
1529858 1530137
1530300 1530464
1530913 1531311
1531655 1531689
1531843 1532215
1532336 1532643
1532850 1533099
1533431 1533621
1533960 1534127
1534569 1534687
1535021 1535084
1535241 1535351
1535735 1535738
1535827 1536107
1536526 1536553
1536757 1536933
1537169 1537426
1537909 1538193
1538460 1538553
1538619 1538994
1539073 1539387
1539532 1539635
1540073 1540215
1540604 1540614
1540818 1541070
1541127 1541367
1541527 1541651
1542094 1542379
1542703 1542785
1542946 1543144
1543627 1543780
1543886 1544175
1544372 1544555
1544722 1544968
1545317 1545467
1545693 1545908
1546218 1546504
1546771 1546795
1547072 1547079
1547345 1547526
1547834 1547967
1548044 1548372
1548816 1549002
1549416 1549713
1550125 1550377
1550679 1550708
1550759 1551112
1551203 1551236
1551671 1552021
1552432 1552639
1552679 1552965
1553003 1553302
1553571 1553942
1554336 1554629
1555123 1555288
1555327 1555430
1555672 1555944
1556247 1556364
1556577 1556747
1557177 1557230
1557514 1557816
1557865 1558218
1558317 1558533
1558541 1558828
1558858 1559232
1559466 1559763
1559905 1560046
1560435 1560660
1561011 1561174
1561438 1561628
1562061 1562307
1562459 1562796
1563056 1563182
1563622 1563799
1564148 1564187
1564432 1564677
1564878 1565026
1565445 1565806
1565981 1566005
1566073 1566335
1566523 1566708
1566714 1566878
1567207 1567323
1567501 1567728
1567931 1567932
1568235 1568336
1568448 1568690
1568800 1569015
1569048 1569305
1569493 1569650
1569971 1570181
1570428 1570551
1570729 1571093
1571559 1571740
1572227 1572314
1572493 1572859
1573092 1573405
1573579 1573784
1573813 1574041
1574358 1574409
1574824 1575100
1575596 1575886
1576219 1576566
1576650 1576968
1577360 1577630
1577935 1577983
1578085 1578347
1578634 1578650
1578816 1579171
1579476 1579564
1579640 1579895
1580268 1580350
1580769 1581161
1581356 1581631
1582117 1582266
1582305 1582645
1582877 1583151
1583628 1583803
1583861 1583953
1584104 1584446
1584828 1585151
1585596 1585684
1585807 1586060
1586126 1586218
1586310 1586431
1586476 1586667
1586963 1587131
1587446 1587527
1587584 1587594
1587933 1588071
1588549 1588601
1588679 1588824
1589048 1589105
1589240 1589383
1589712 1589986
1590454 1590769
1591032 1591405
1591606 1591972
1592276 1592442
1592806 1592937
1593389 1593493
1593723 1593940
1594278 1594351
1594816 1594843
1595218 1595585
1595746 1595892
1596100 1596291
1596358 1596362
1596378 1596563
1596584 1596792
1596946 1597133
1597417 1597705
1598151 1598279
1598618 1598693
1599180 1599362
1599430 1599480
1599599 1599814
1599978 1600336
1600412 1600550
1600840 1601086
1601435 1601783
1602207 1602303
1602587 1602655
1602761 1602912
1603302 1603622
1603807 1603933
1604049 1604264
1604394 1604463
1604573 1604907
1605206 1605517
1605676 1605737
1606166 1606558
1606820 1607048
1607448 1607515
1607864 1608107
1608203 1608243
1608641 1608907
1609230 1609378
1609410 1609699
1609971 1610139
1610251 1610595
1610860 1611139
1611391 1611411
1611625 1611736
1612228 1612423
1612824 1612989
1613073 1613278
1613335 1613537
1613785 1613989
1614162 1614379
1614768 1614821
1615051 1615206
1615384 1615574
1615912 1616189
1616387 1616613
1616917 1616989
1617039 1617228
1617302 1617593
1617617 1617923
1618035 1618365
1618377 1618640
1618719 1618776
1618955 1619144
1619244 1619644
1619985 1620132
1620346 1620727
1621154 1621461
1621701 1621969
1622009 1622187
1622334 1622431
1622897 1623276
1623655 1623781
1623998 1624093
1624395 1624542
1624610 1624821
1625085 1625177
1625392 1625740
1626069 1626305
1626366 1626711
1626764 1626807
1627101 1627176
1627356 1627467
1627734 1628035
1628329 1628700
1628993 1629241
1629339 1629531
1630024 1630371
1630388 1630712
1630794 1631081
1631574 1631580
1632068 1632282
1632359 1632656
1632720 1632872
1633145 1633434
1633682 1633989
1634164 1634369
1634801 1634811
1635097 1635435
1635716 1636022
1636108 1636207
1636321 1636589
1637054 1637252
1637437 1637670
1637917 1638143
1638351 1638629
1638740 1638772
1638852 1638962
1638969 1639011
1639453 1639757
1639955 1640017
1640195 1640420
1640602 1640835
1641046 1641189
1641308 1641653
1641713 1641967
1642435 1642524
1642527 1642757
1642798 1642893
1643256 1643444
1643931 1644207
1644698 1644884
1645190 1645462
1645514 1645723
1646013 1646317
1646513 1646520
1646597 1646702
1646842 1647116
1647206 1647420
1647893 1647951
1648137 1648455
1648835 1649018
1649031 1649332
1649463 1649741
1649937 1650198
1650235 1650596
1650795 1650972
1651334 1651734
1651762 1651802
1652217 1652345
1652368 1652633
1652732 1653104
1653499 1653564
1653902 1654200
1654560 1654852
1655017 1655413
1655642 1655954
1656353 1656509
1656842 1657019
1657266 1657620
1658005 1658340
1658454 1658458
1658695 1658887
1659369 1659545
1659799 1660047
1660160 1660435
1660437 1660546
1660933 1661166
1661236 1661564
1661588 1661892
1662357 1662629
1663036 1663359
1663689 1663974
1664209 1664425
1664479 1664596
1664847 1665145
1665241 1665590
1665733 1666122
1666336 1666723
1667088 1667242
1667677 1667742
1668053 1668424
1668515 1668798
1669125 1669390
1669693 1670014
1670099 1670294
1670366 1670370
1670755 1670868
1671274 1671585
1671735 1671778
1672054 1672174
1672423 1672468
1672817 1672902
1673230 1673497
1673971 1674368
1674472 1674871
1674973 1675099
1675405 1675749
1675927 1676270
1676735 1676866
1677057 1677125
1677144 1677363
1677759 1677902
1678184 1678511
1678891 1679269
1679666 1679792
1679863 1680018
1680183 1680243
1680717 1681057
1681288 1681311
1681600 1681682
1682033 1682200
1682463 1682634
1682840 1682894
1683221 1683459
1683478 1683660
1683970 1684181
1684325 1684562
1685013 1685105
1685360 1685419
1685650 1685994
1686151 1686245
1686353 1686481
1686867 1687141
1687238 1687512
1687730 1687943
1688343 1688625
1688716 1689097
1689457 1689632
1689717 1689836
1689841 1689867
1689972 1690351
1690797 1691138
1691629 1691928
1692313 1692538
1692909 1693031
1693422 1693768
1694186 1694505
1694662 1694714
1694774 1695008
1695498 1695623
1696087 1696397
1696578 1696866
1697210 1697294
1697711 1698038
1698342 1698580
1698712 1699051
1699488 1699667
1699961 1700150
1700154 1700550
1700966 1701174
1701352 1701376
1701795 1701954
1702149 1702401
1702825 1703151
1703506 1703747
1704124 1704185
1704400 1704508
1704546 1704710
1705017 1705127
1705493 1705662
1705869 1706019
1706155 1706464
1706680 1707024
1707306 1707672
1707762 1707819
1707843 1708013
1708506 1708626
1709007 1709083
1709571 1709594
1709759 1710025
1710129 1710406
1710880 1710999
1711450 1711525
1711614 1711774
1712018 1712360
1712595 1712785
1712936 1713295
1713705 1713995
1714495 1714507
1714826 1714841
1714881 1715265
1715351 1715589
1716010 1716269
1716538 1716744
1717242 1717372
1717697 1717940
1718284 1718606
1718791 1718967
1719108 1719146
1719494 1719638
1720092 1720446
1720524 1720728
1721177 1721249
1721280 1721572
1721988 1722223
1722490 1722599
1722917 1723314
1723647 1723709
1723761 1724097
1724414 1724676
1725103 1725175
1725462 1725503
1725837 1726048
1726225 1726618
1726648 1726837
1727229 1727483
1727525 1727722
1727867 1728142
1728159 1728274
1728284 1728656
1728799 1728943
1729210 1729568
1729780 1729972
1730423 1730786
1730990 1731366
1731506 1731567
1731710 1731986
1732417 1732473
1732803 1733035
1733462 1733623
1733638 1733970
1734259 1734607
1734722 1734749
1734946 1735247
1735252 1735638
1736104 1736277
1736769 1737007
1737217 1737447
1737666 1738062
1738121 1738491
1738965 1739037
1739526 1739878
1739955 1739973
1740183 1740274
1740651 1740772
1740858 1741131
1741571 1741595
1741795 1742192
1742279 1742615
1742780 1742811
1743000 1743046
1743174 1743186
1743390 1743691
1744182 1744391
1744741 1744845
1744933 1745094
1745452 1745584
1745793 1745890
1746354 1746693
1746738 1746881
1747003 1747173
1747529 1747696
1748055 1748330
1748536 1748722
1748933 1749286
1749309 1749420
1749731 1750011
1750470 1750752
1751241 1751541
1751807 1751963
1752131 1752465
1752945 1753283
1753403 1753546
1753963 1754356
1754378 1754651
1754850 1754872
1755001 1755196
1755566 1755802
1755810 1755972
1756153 1756507
1756879 1756936
1757249 1757455
1757936 1758117
1758211 1758456
1758790 1758850
1759273 1759604
1759887 1759945
1760347 1760515
1760551 1760846
1760860 1760899
1760912 1761190
1761353 1761599
1761992 1761999
1762372 1762582
1762642 1762802
1763100 1763415
1763439 1763749
1764081 1764329
1764448 1764521
1764828 1765167
1765307 1765703
1766130 1766407
1766803 1766885
1767363 1767659
1767925 1767956
1768273 1768422
1768688 1768898
1769013 1769343
1769785 1769891
1770329 1770391
1770860 1771204
1771533 1771839
1771915 1771936
1772386 1772608
1772828 1772829
1773225 1773437
1773844 1774112
1774155 1774426
1774763 1774895
1774930 1774942
1775167 1775529
1775962 1776133
1776212 1776527
1776867 1777100
1777117 1777431
1777814 1777939
1778049 1778063
1778494 1778779
1778924 1779081
1779260 1779551
1779768 1779816
1780021 1780315
1780637 1780866
1781326 1781627
1781887 1781971
1782124 1782314
1782530 1782671
1783011 1783372
1783528 1783657
1784046 1784231
1784528 1784559
1784655 1784987
1785165 1785258
1785587 1785735
1785892 1786242
1786617 1786822
1786842 1787193
1787595 1787599
1787986 1788021
1788184 1788479
1788656 1789048
1789324 1789544
1789797 1789864
1790259 1790422
1790686 1790785
1791274 1791450
1791557 1791691
1792006 1792085
1792553 1792759
1792811 1793160
1793639 1793781
1794067 1794134
1794457 1794593
1794845 1794950
1795407 1795748
1796188 1796378
1796385 1796672
1797121 1797332
1797765 1798100
1798342 1798449
1798613 1798706
1798932 1799264
1799443 1799765
1800121 1800220
1800391 1800420
1800471 1800493
1800865 1801189
1801578 1801636
1802080 1802278
1802397 1802399
1802487 1802679
1802790 1802967
1803333 1803595
1803792 1803940
1804195 1804319
1804705 1804797
1804932 1805155
1805391 1805534
1805991 1806053
1806470 1806768
1807064 1807166
1807646 1807802
1808238 1808461
1808802 1809163
1809507 1809847
1809867 1809900
1810357 1810574
1810638 1810684
1810884 1811075
1811490 1811495
1811708 1811994
1812110 1812344
1812456 1812472
1812848 1812941
1813109 1813265
1813702 1814022
1814426 1814722
1814735 1815107
1815434 1815471
1815753 1815872
1816169 1816246
1816565 1816959
1817299 1817623
1817921 1818098
1818332 1818359
1818675 1818815
1819029 1819172
1819622 1819989
1820102 1820476
1820897 1821216
1821697 1821989
1822141 1822149
1822487 1822740
1823105 1823267
1823453 1823762
1824022 1824242
1824687 1824744
1824861 1824984
1825128 1825340
1825738 1826126
1826504 1826710
1826801 1827035
1827151 1827424
1827513 1827719
1827884 1828083
1828351 1828449
1828898 1829060
1829445 1829479
1829591 1829664
1829748 1829942
1830088 1830168
1830437 1830607
1830897 1831203
1831262 1831464
1831530 1831766
1831842 1831889
1832386 1832565
1832698 1832926
1833125 1833495
1833821 1833839
1834215 1834594
1834627 1834906
1835205 1835302
1835769 1835912
1836245 1836509
1836556 1836752
1836902 1837260
1837414 1837659
1837736 1838127
1838331 1838645
1839061 1839174
1839359 1839392
1839549 1839699
1839957 1839983
1840257 1840496
1840983 1841260
1841695 1841979
1842355 1842636
1842909 1843035
1843476 1843557
1843602 1843634
1843786 1844099
1844236 1844466
1844728 1844866
1844897 1845217
1845474 1845704
1846012 1846381
1846569 1846921
1847017 1847278
1847776 1848042
1848297 1848686
1848860 1849008
1849472 1849493
1849539 1849699
1849802 1850086
1850377 1850644
1850782 1850867
1850950 1851216
1851347 1851714
1851947 1852152
1852509 1852876
1853017 1853133
1853419 1853486
1853958 1854116
1854127 1854355
1854724 1854926
1855290 1855591
1856020 1856135
1856449 1856651
1856817 1857023
1857516 1857743
1857899 1858054
1858291 1858579
1859069 1859099
1859443 1859479
1859616 1859713
1859911 1860051
1860264 1860622
1860781 1861021
1861297 1861376
1861402 1861737
1861911 1862311
1862673 1862813
1863284 1863667
1864127 1864399
1864837 1864880
1864991 1865030
1865365 1865740
1866085 1866319
1866652 1866733
1866886 1867155
1867612 1867833
1868076 1868203
1868460 1868647
1868848 1869240
1869393 1869485
1869870 1870172
1870316 1870432
1870607 1871003
1871461 1871729
1871888 1872250
1872406 1872779
1872882 1872925
1873065 1873390
1873673 1873749
1873815 1873894
1873949 1873981
1874198 1874282
1874402 1874455
1874900 1875253
1875594 1875641
1876105 1876279
1876361 1876721
1876722 1876738
1876913 1877063
1877143 1877252
1877382 1877422
1877726 1877930
1878383 1878510
1878693 1878768
1879191 1879509
1879815 1880086
1880372 1880761
1880807 1881021
1881455 1881775
1882217 1882325
1882408 1882544
1882751 1883039
1883077 1883403
1883562 1883818
1883866 1883972
1884063 1884148
1884286 1884365
1884537 1884781
1885124 1885360
1885399 1885674
1885830 1885980
1886093 1886319
1886766 1886901
1887099 1887421
1887432 1887447
1887796 1888008
1888477 1888632
1888936 1888965
1888998 1889110
1889138 1889524
1889590 1889914
1890302 1890454
1890740 1890749
1891126 1891158
1891268 1891468
1891667 1891822
1891958 1892261
1892643 1892887
1893084 1893335
1893409 1893732
1893995 1894041
1894431 1894685
1894863 1895076
1895488 1895690
1895919 1895935
1896363 1896559
1896800 1897044
1897210 1897376
1897469 1897806
1898234 1898466
1898818 1899116
1899139 1899391
1899480 1899838
1900304 1900601
1900816 1901129
1901571 1901634
1901683 1901963
1901981 1902080
1902429 1902517
1902709 1902887
1903292 1903521
1903791 1903874
1904257 1904262
1904438 1904648
1904823 1905084
1905533 1905912
1906390 1906462
1906678 1907058
1907202 1907477
1907778 1907992
1908215 1908274
1908637 1908857
1909224 1909501
1909862 1909987
1910440 1910442
1910888 1911222
1911355 1911527
1911988 1912319
1912550 1912683
1912872 1912914
1912924 1912986
1913472 1913643
1914102 1914477
1914678 1914701
1914893 1914926
1915027 1915285
1915616 1915897
1916251 1916603
1916853 1916912
1917233 1917385
1917606 1917945
1918085 1918306
1918600 1918986
1919281 1919650
1920150 1920463
1920951 1920979
1921178 1921243
1921698 1922071
1922447 1922702
1922838 1923051
1923410 1923549
1923704 1923903
1924290 1924670
1924948 1924998
1925168 1925173
1925210 1925416
1925736 1926119
1926224 1926271
1926448 1926614
1926781 1926945
1927164 1927475
1927673 1927915
1927925 1927990
1928462 1928792
1928967 1929065
1929107 1929190
1929452 1929497
1929685 1929710
1929798 1930095
1930476 1930853
1930910 1931257
1931724 1931842
1932258 1932653
1933015 1933192
1933370 1933626
1933668 1933870
1933881 1934139
1934388 1934447
1934627 1934782
1935049 1935204
1935624 1935666
1935964 1936356
1936428 1936571
1936625 1936947
1936970 1937244
1937307 1937544
1937574 1937602
1938101 1938421
1938724 1938811
1939040 1939183
1939554 1939676
1939808 1940178
1940636 1940850
1941215 1941362
1941605 1941817
1941835 1942096
1942134 1942345
1942681 1942745
1943098 1943227
1943605 1943800
1944235 1944249
1944635 1944841
1945194 1945466
1945908 1945980
1946232 1946308
1946506 1946657
1946885 1947123
1947474 1947565
1948032 1948259
1948418 1948777
1948943 1949101
1949394 1949559
1949586 1949949
1950272 1950655
1951039 1951241
1951288 1951454
1951832 1952077
1952290 1952554
1952907 1952925
1952938 1953032
1953224 1953448
1953731 1953740
1953961 1954229
1954255 1954285
1954738 1955046
1955208 1955496
1955983 1956157
1956636 1956929
1956943 1957283
1957743 1957994
1958099 1958195
1958622 1958699
1959068 1959413
1959791 1960031
1960187 1960575
1960765 1960838
1961200 1961513
1961926 1962263
1962327 1962661
1963025 1963172
1963240 1963431
1963864 1963931
1964333 1964579
1964959 1964967
1965394 1965690
1966008 1966298
1966367 1966487
1966657 1967028
1967381 1967506
1967934 1968317
1968410 1968709
1969172 1969278
1969464 1969775
1969883 1970194
1970397 1970711
1971101 1971300
1971324 1971602
1971946 1972006
1972219 1972481
1972733 1972825
1972863 1973211
1973264 1973648
1973696 1973968
1974309 1974365
1974815 1975100
1975374 1975424
1975698 1975937
1976156 1976503
1976584 1976944
1977192 1977314
1977377 1977710
1978012 1978039
1978191 1978487
1978820 1978889
1979319 1979708
1979950 1979963
1980284 1980611
1980697 1981088
1981548 1981624
1981898 1982215
1982607 1982931
1982940 1983306
1983456 1983564
1983848 1983869
1984325 1984502
1984666 1984928
1985267 1985309
1985368 1985418
1985856 1986236
1986375 1986446
1986545 1986816
1987001 1987164
1987419 1987570
1987609 1987877
1988132 1988318
1988740 1988971
1989057 1989257
1989714 1990083
1990115 1990359
1990425 1990713
1991090 1991287
1991568 1991603
1991690 1992074
1992217 1992265
1992755 1992819
1992870 1992978
1993190 1993414
1993462 1993688
1993932 1994096
1994497 1994756
1994855 1995139
1995195 1995405
1995457 1995855
1995983 1996029
1996042 1996274
1996311 1996646
1997116 1997289
1997610 1997825
1997904 1998105
1998550 1998728
1998880 1999228
1999373 1999499
1999707 1999744
1999996 2000018
2000328 2000506
2000688 2000820
2000870 2001128
2001489 2001734
2001787 2001876
2001958 2002229
2002284 2002681
2003083 2003121
2003344 2003713
2004031 2004265
2004490 2004842
2005092 2005420
2005900 2006007
2006243 2006549
2006604 2006957
2007207 2007212
2007278 2007546
2007986 2008372
2008626 2008899
2008908 2009285
2009673 2009781
2009790 2010133
2010189 2010570
2011023 2011295
2011374 2011688
2011754 2011792
2011821 2012037
2012392 2012613
2012828 2013136
2013618 2013677
2013844 2014178
2014270 2014667
2014916 2015236
2015506 2015893
2016225 2016230
2016690 2017016
2017444 2017543
2017770 2018023
2018434 2018683
2018726 2019110
2019281 2019497
2019557 2019803
2020026 2020223
2020492 2020659
2021085 2021304
2021693 2021963
2021991 2022004
2022175 2022310
2022382 2022561
2022917 2023175
2023410 2023633
2024121 2024153
2024203 2024353
2024714 2024941
2025160 2025505
2025643 2025809
2026048 2026148
2026268 2026635
2026975 2027129
2027212 2027439
2027475 2027714
2027918 2028086
2028489 2028810
2029003 2029316
2029417 2029587
2029971 2030248
2030533 2030603
2030675 2030766
2030815 2031131
2031224 2031524
2031588 2031800
2032299 2032618
2033063 2033236
2033538 2033877
2034376 2034385
2034828 2034976
2035180 2035353
2035593 2035872
2036183 2036448
2036874 2036876
2036907 2036940
2037200 2037338
2037612 2037674
2037971 2038318
2038447 2038544
2038966 2039356
2039787 2040011
2040494 2040714
2041004 2041113
2041512 2041909
2042257 2042493
2042654 2042944
2043230 2043332
2043472 2043756
2043921 2044065
2044400 2044786
2045179 2045339
2045819 2045845
2046198 2046303
2046478 2046670
2047081 2047378
2047440 2047538
2047809 2047907
2047922 2048251
2048343 2048640
2048966 2049087
2049261 2049509
2049950 2050088
2050341 2050361
2050414 2050613
2050684 2050768
2051175 2051403
2051462 2051728
2051962 2052161
2052455 2052575
2052985 2053307
2053712 2053833
2054199 2054589
2054839 2055138
2055204 2055491
2055563 2055707
2055781 2055792
2056115 2056288
2056749 2056849
2057088 2057324
2057679 2057717
2057793 2057799
2058196 2058552
2058607 2058911
2058956 2059181
2059653 2059826
2060113 2060333
2060404 2060510
2060871 2061067
2061463 2061708
2062192 2062268
2062322 2062343
2062379 2062713
2062840 2062874
2062984 2063328
2063555 2063713
2064046 2064259
2064697 2065025
2065044 2065200
2065561 2065606
2065892 2066271
2066302 2066495
2066675 2066900
2067131 2067426
2067715 2067978
2068026 2068143
2068402 2068785
2068994 2069350
2069443 2069728
2070046 2070190
2070206 2070522
2070671 2070728
2071098 2071418
2071886 2072047
2072208 2072400
2072585 2072599
2072827 2072890
2073328 2073712
2073919 2074217
2074589 2074666
2074934 2074956
2075310 2075373
2075415 2075435
2075795 2075967
2075976 2076374
2076829 2077080
2077315 2077451
2077462 2077822
2078290 2078519
2078987 2079126
2079400 2079547
2079894 2080055
2080555 2080865
2080983 2081292
2081477 2081574
2081811 2081926
2082411 2082555
2082597 2082745
2082986 2083314
2083569 2083618
2084036 2084410
2084534 2084878
2084909 2085101
2085566 2085642
2085698 2085938
2086333 2086489
2086685 2086911
2087365 2087443
2087597 2087842
2087898 2088188
2088245 2088318
2088712 2088868
2089127 2089253
2089725 2090065
2090360 2090509
2090947 2091150
2091519 2091612
2091770 2092150
2092440 2092443
2092625 2092897
2093351 2093503
2093902 2093943
2093975 2094241
2094623 2094977
2095005 2095306
2095483 2095535
2095627 2095731
2095825 2096026
2096109 2096177
2096405 2096559
2096833 2097117
2097587 2097604
2097725 2097755
2098205 2098217
2098518 2098542
2098614 2098771
2099067 2099086
2099564 2099766
2100152 2100543
2101043 2101129
2101319 2101375
2101635 2101990
2102236 2102298
2102556 2102656
2102670 2102748
2103193 2103413
2103794 2104065
2104376 2104666
2105024 2105347
2105621 2105641
2106015 2106313
2106790 2107066
2107114 2107120
2107582 2107853
2108084 2108409
2108709 2108821
2109304 2109519
2109805 2110112
2110139 2110238
2110421 2110708
2111039 2111090
2111268 2111347
2111738 2112092
2112139 2112236
2112518 2112707
2112783 2112979
2113271 2113300
2113400 2113409
2113680 2113976
2114045 2114350
2114702 2115045
2115104 2115441
2115701 2116070
2116477 2116830
2116867 2116974
2116993 2117115
2117345 2117730
2118219 2118440
2118876 2119111
2119552 2119582
2119694 2120075
2120391 2120630
2121062 2121187
2121590 2121944
2122263 2122648
2123064 2123321
2123753 2123764
2123877 2124069
2124234 2124371
2124610 2124761
2125032 2125147
2125298 2125347
2125426 2125644
2125838 2125942
2126134 2126354
2126451 2126510
2126849 2126952
2127261 2127630
2128009 2128139
2128390 2128646
2128764 2129090
2129522 2129705
2129712 2129797
2130069 2130168
2130454 2130709
2130710 2131085
2131256 2131381
2131589 2131929
2132093 2132115
2132558 2132881
2133253 2133417
2133470 2133718
2134175 2134289
2134760 2135028
2135240 2135418
2135747 2135995
2136251 2136501
2136541 2136715
2137163 2137368
2137373 2137545
2137631 2137951
2137999 2138085
2138151 2138330
2138809 2139096
2139459 2139782
2139923 2140059
2140412 2140761
2141166 2141399
2141769 2142113
2142290 2142668
2142677 2143034
2143053 2143305
2143770 2144052
2144378 2144768
2145231 2145556
2145869 2146016
2146027 2146070
2146552 2146911
2146929 2146988
2147345 2147419
2147855 2148186
2148435 2148604
2149099 2149211
2149580 2149821
2149834 2149849
2150190 2150446
2150503 2150733
2151031 2151195
2151591 2151779
2151986 2152237
2152425 2152822
2152998 2153111
2153236 2153482
2153603 2153724
2153848 2154188
2154212 2154331
2154380 2154536
2154897 2155230
2155234 2155503
2155923 2156149
2156635 2156734
2156867 2156993
2157212 2157269
2157369 2157718
2157851 2157944
2158262 2158311
2158715 2158804
2158912 2159256
2159295 2159619
2160070 2160100
2160527 2160625
2161014 2161228
2161596 2161618
2162005 2162178
2162216 2162386
2162509 2162878
2163276 2163543
2163824 2164022
2164425 2164607
2165008 2165208
2165273 2165364
2165517 2165614
2165632 2165679
2165682 2165698
2166147 2166220
2166359 2166600
2167009 2167404
2167592 2167878
2168115 2168189
2168583 2168749
2169117 2169435
2169871 2170040
2170495 2170522
2170741 2170842
2171157 2171371
2171673 2171782
2172139 2172533
2172648 2172912
2172951 2173199
2173540 2173575
2173604 2173620
2173846 2174033
2174210 2174536
2174778 2175065
2175288 2175525
2175760 2175794
2175966 2176289
2176416 2176633
2177058 2177111
2177251 2177497
2177628 2177631
2178006 2178131
2178135 2178403
2178570 2178885
2179284 2179582
2180066 2180442
2180477 2180639
2181011 2181077
2181288 2181625
2181847 2182099
2182350 2182493
2182944 2183311
2183618 2183781
2184187 2184223
2184720 2184914
2184940 2184994
2185405 2185805
2186241 2186493
2186665 2187064
2187087 2187486
2187740 2187862
2188215 2188267
2188444 2188477
2188521 2188793
2189190 2189588
2190005 2190183
2190271 2190465
2190536 2190613
2191071 2191465
2191722 2191955
2191992 2192027
2192255 2192332
2192368 2192764
2192890 2192904
2193257 2193533
2193937 2194084
2194155 2194241
2194375 2194713
2194793 2194920
2194925 2195114
2195202 2195434
2195611 2195874
2196191 2196349
2196386 2196572
2197003 2197057
2197439 2197712
2197968 2198071
2198420 2198733
2198995 2199366
2199629 2199866
2199960 2200146
2200440 2200473
2200536 2200677
2201103 2201268
2201294 2201372
2201464 2201648
2201768 2201928
2202093 2202195
2202525 2202649
2202710 2202771
2203263 2203510
2203737 2204097
2204380 2204625
2204651 2204984
2205211 2205523
2205892 2206252
2206543 2206724
2207100 2207158
2207446 2207625
2207998 2208071
2208092 2208403
2208661 2208965
2208974 2209008
2209090 2209392
2209614 2209628
2210044 2210072
2210145 2210319
2210644 2210786
2211217 2211343
2211571 2211837
2212033 2212330
2212555 2212611
2212800 2212843
2212947 2213110
2213252 2213316
2213500 2213501
2213888 2214203
2214440 2214543
2214653 2214911
2215162 2215178
2215305 2215440
2215812 2215992
2216109 2216145
2216400 2216763
2216983 2217297
2217598 2217600
2217960 2218010
2218302 2218404
2218870 2218973
2219337 2219581
2219717 2219928
2220256 2220521
2220917 2221286
2221343 2221608
2221820 2221838
2221988 2222261
2222484 2222592
2223013 2223040
2223483 2223622
2223876 2224049
2224276 2224375
2224507 2224720
2225119 2225264
2225367 2225413
2225736 2226072
2226567 2226754
2226899 2227219
2227371 2227428
2227856 2227985
2228144 2228330
2228606 2228829
2229053 2229175
2229370 2229625
2229920 2229973
2230012 2230113
2230569 2230771
2231211 2231392
2231429 2231673
2231794 2232040
2232182 2232331
2232681 2232900
2233393 2233772
2234243 2234536
2234933 2235210
2235700 2235807
2235810 2235812
2236156 2236500
2236812 2237038
2237062 2237247
2237430 2237571
2237901 2238225
2238502 2238839
2239103 2239494
2239562 2239633
2239707 2239891
2240180 2240231
2240412 2240794
2241148 2241489
2241943 2242133
2242278 2242664
2242721 2242948
2243351 2243720
2244139 2244521
2244730 2244932
2245328 2245461
2245785 2246045
2246424 2246673
2246760 2246997
2247381 2247456
2247663 2247911
2248272 2248343
2248440 2248746
2249090 2249344
2249584 2249779
2249984 2249997
2250403 2250625
2250790 2250836
2250860 2251229
2251623 2251793
2252014 2252396
2252768 2252832
2253279 2253670
2254028 2254290
2254418 2254758
2255200 2255283
2255730 2255785
2255920 2255948
2256012 2256203
2256688 2256725
2256922 2257318
2257760 2258021
2258166 2258314
2258553 2258946
