395 637
693 955
1404 1610
1738 1904
2171 2291
2305 2553
2948 3190
3359 3655
3929 4005
4227 4624
4985 5206
5300 5361
5375 5425
5626 5636
5702 6017
6122 6397
6839 7191
7389 7768
8200 8456
8904 9023
9436 9461
9863 10227
10695 11011
11272 11373
11753 11963
12437 12470
12822 13191
13689 13762
14100 14236
14363 14557
14945 15039
15193 15560
15786 16069
16096 16225
16448 16710
17172 17333
17639 18007
18434 18711
19143 19192
19661 19937
20274 20616
21053 21227
21337 21682
22132 22519
22683 22924
23359 23641
24054 24196
24407 24733
25161 25422
25842 26016
26069 26279
26541 26709
27173 27530
27778 27909
27930 27949
28272 28566
28709 29087
29346 29457
29583 29590
29799 29989
30085 30471
30508 30721
31022 31078
31185 31447
31681 31803
32044 32276
32766 33022
33473 33720
33947 33954
34319 34541
34725 35087
35089 35426
35516 35726
36196 36310
36337 36583
36609 36779
36963 37047
37294 37625
37709 37995
38422 38583
38821 38981
39140 39199
39622 39830
39958 40149
40250 40415
40497 40643
40869 41210
41472 41697
42147 42188
42502 42541
42889 43049
43170 43184
43647 43950
43974 44004
44097 44318
44623 44863
44865 45213
45605 45770
45965 46051
46104 46274
46507 46900
47331 47375
47379 47534
47818 47925
48057 48379
48544 48557
48654 48704
49072 49399
49469 49490
49940 50109
50546 50571
50580 50756
51078 51181
51466 51829
52260 52447
52789 52970
53048 53295
53366 53659
53785 53849
54063 54214
54300 54700
54719 54936
54965 55150
55364 55733
56122 56233
56540 56620
57005 57341
57367 57549
57830 57995
58146 58442
58719 59069
59190 59561
59881 60266
60356 60529
60876 61146
61541 61935
62202 62593
62862 63208
63294 63592
63866 64124
64217 64226
64574 64841
65234 65426
65777 66157
66328 66570
66987 67382
67659 68029
68054 68144
68510 68783
69037 69101
69392 69725
69760 69862
70086 70326
70397 70470
70562 70918
71128 71454
71617 71835
71874 71919
72227 72516
72930 73196
73303 73523
73888 74164
74596 74886
74905 75208
75355 75430
75518 75589
75929 76326
76552 76746
77178 77205
77590 77902
78126 78518
78739 78781
78815 78901
78923 79216
79611 79905
80381 80482
80619 80957
81388 81444
81648 81679
82108 82363
82488 82637
82746 82765
83102 83473
83728 84044
84485 84640
84861 85051
85304 85429
85683 85933
86044 86054
86239 86597
86971 87117
87156 87213
87612 87819
88126 88171
88433 88804
88913 88970
89373 89633
90078 90268
90622 90814
91034 91133
91475 91747
92174 92517
92545 92860
93358 93535
93609 93854
93863 93942
94335 94363
94834 94974
95065 95242
95660 95823
96053 96331
96783 96878
97326 97538
97730 98096
98235 98509
98815 98875
99351 99472
99769 99825
100111 100169
100495 100888
101219 101440
101604 101737
101906 102252
102285 102425
102494 102836
103158 103210
103651 104033
104285 104371
104826 105203
105626 105777
105916 105934
106139 106207
106448 106693
106700 107081
107279 107579
108075 108160
108436 108457
108705 109054
109477 109862
110304 110307
110484 110806
110992 111262
111439 111731
112113 112186
112231 112626
112864 112917
113390 113789
114079 114205
114543 114549
114640 114801
114821 114869
115173 115441
115925 115958
116286 116569
116588 116976
117239 117560
117595 117979
118279 118386
118606 118676
119076 119374
119398 119545
119650 119885
120267 120657
121078 121117
121609 121859
122001 122055
122104 122330
122349 122581
122682 122989
123476 123818
124208 124585
124766 124978
125414 125732
125984 126070
126427 126799
127201 127271
127385 127654
127846 128050
128063 128144
128289 128446
128492 128575
128783 128911
129336 129714
130107 130189
130463 130772
131187 131563
132020 132234
132681 132950
133054 133418
133901 134061
134273 134395
134858 134926
135343 135535
135755 135837
136105 136399
136471 136496
136764 137148
137522 137744
138147 138245
138474 138683
138985 138999
139408 139774
139910 140103
140542 140874
140878 141122
141123 141124
141534 141680
141903 142181
142182 142498
142682 142781
143025 143270
143426 143499
143501 143791
144162 144347
144511 144847
145333 145363
145758 145912
145950 146183
146291 146593
146716 147016
147461 147737
147848 148235
148390 148441
148562 148707
148962 149361
149829 150107
150388 150670
150683 150744
150878 150913
151376 151761
152249 152403
152763 152991
153220 153396
153405 153426
153921 154226
154371 154622
155108 155358
155590 155831
155937 156134
156288 156355
156597 156655
157011 157308
157793 158159
158339 158692
158907 159049
159477 159749
159953 160352
160765 160870
160927 160970
161116 161140
161616 161805
162034 162168
162627 162987
163159 163512
163624 163966
164313 164688
165089 165102
165265 165376
165637 165964
166048 166092
166301 166364
166417 166672
167136 167243
167437 167626
167949 167995
168301 168613
168872 169157
169541 169852
169944 170331
170650 170963
171125 171188
171546 171792
172154 172385
172659 172969
173359 173498
173627 173909
173993 174081
174290 174545
174658 174708
175197 175198
175518 175776
175953 176317
176467 176755
177091 177285
177721 177934
178110 178359
178747 178825
178959 179271
179580 179699
179845 180119
180420 180432
180805 181182
181471 181619
181710 181778
182154 182244
182529 182916
183412 183588
183861 184018
184396 184654
185124 185470
185857 186043
186529 186629
186926 187213
187223 187277
187753 187785
187891 188261
188311 188329
188363 188471
188695 188762
189083 189315
189452 189573
189775 190138
190342 190346
190694 190794
190828 190865
191320 191544
191665 192042
192246 192353
192517 192818
192996 193099
193435 193616
193742 193887
194370 194606
194868 195005
195150 195224
195333 195630
195762 195808
196087 196115
196474 196700
197200 197569
197892 198240
198710 199037
199261 199467
199900 199933
200359 200745
200938 201206
201522 201788
202166 202559
202897 203138
203612 203893
203917 204142
204623 204981
205028 205302
205714 205821
206090 206421
206492 206878
207290 207633
207771 208128
208431 208672
209020 209394
209423 209633
209742 209755
210000 210214
210611 210885
211280 211378
211563 211752
211863 212083
212489 212873
213173 213260
213427 213725
213735 214062
214386 214702
214774 214810
215238 215435
215859 216023
216262 216417
216634 216695
216994 217131
217336 217733
218113 218326
218555 218743
219004 219005
219448 219599
220041 220438
220703 221036
221431 221816
221903 222238
222398 222466
222547 222777
223209 223532
223831 223900
224321 224335
224542 224665
224752 225056
225259 225598
225706 225976
226108 226479
226734 226892
227046 227216
227344 227680
228112 228141
228371 228435
228441 228450
228910 229124
229148 229431
229578 229620
230061 230455
230562 230825
231026 231294
231418 231519
231977 232172
232640 232671
233135 233246
233696 234049
234206 234272
234630 234833
235329 235343
235469 235528
235575 235580
235676 235828
235981 236084
236195 236455
236464 236553
236930 237105
237603 237685
238103 238503
238880 239237
239729 240023
240156 240164
240404 240418
240567 240945
241282 241407
241457 241700
242114 242351
242664 242684
243110 243202
243401 243456
243568 243911
244275 244395
244627 244854
245206 245603
245865 246093
246166 246265
246299 246624
246788 246846
247149 247508
247851 248185
248195 248236
248631 248999
249048 249304
249522 249719
249804 250102
250334 250387
250717 250904
250958 251107
251464 251627
252047 252249
252275 252530
252785 253012
253466 253818
253959 254197
254540 254861
254955 255184
255379 255545
255675 256012
256258 256320
256796 256979
257187 257260
257523 257782
258051 258110
258140 258519
258650 258677
258839 259185
259215 259217
259316 259660
260009 260307
260749 261096
261441 261593
261635 261848
261992 262098
262235 262486
262719 262901
263186 263251
263588 263589
263728 263904
264012 264252
264521 264638
265064 265422
265556 265743
265900 266155
266169 266183
266459 266571
266679 266898
267217 267242
267377 267696
268117 268362
268472 268572
269066 269093
269353 269612
269698 269990
270052 270399
270876 270971
271149 271435
271773 271936
272135 272480
272851 273221
273484 273655
273971 274112
274326 274556
274726 275119
275590 275637
276126 276390
276483 276662
277084 277119
277251 277558
277595 277769
277881 277975
278260 278641
278715 278960
279423 279481
279770 279875
280127 280401
280699 280775
281144 281351
281401 281424
281662 282042
282075 282473
282569 282624
282991 283186
283552 283777
283828 283934
283959 284111
284561 284622
284783 284907
285263 285331
285784 286013
286014 286295
286741 286851
287232 287390
287625 287732
287844 287987
288388 288466
288663 288839
288899 289166
289354 289733
289855 290132
290148 290397
290667 290901
291143 291285
291306 291391
291823 292161
292221 292235
292664 292876
293292 293635
294106 294241
294643 294717
294923 295281
295773 296146
296164 296467
296472 296507
296549 296864
297150 297355
297374 297712
297870 298025
298372 298433
298543 298783
299082 299202
299462 299732
299984 300249
300259 300543
300581 300881
301187 301586
301920 302105
302506 302828
302859 303022
303207 303467
303603 303612
303833 303919
304097 304202
304434 304473
304815 305030
305291 305430
305456 305681
305703 305862
306225 306264
306449 306478
306516 306578
306677 307023
307085 307192
307239 307498
307634 307834
308092 308216
308413 308741
309082 309336
309714 310018
310295 310342
310510 310641
311019 311412
311817 311931
312182 312384
312597 312901
313179 313352
313622 313969
314303 314640
314741 314923
315233 315405
315538 315602
316085 316356
316845 316880
317285 317460
317774 317915
318371 318465
318694 318751
319078 319433
319454 319662
319727 320003
320080 320371
320737 320937
321336 321697
322102 322446
322632 322888
322977 323352
323600 323740
323795 324184
324227 324498
324601 324837
325102 325245
325662 325776
326226 326393
326865 327028
327119 327429
327839 328092
328405 328570
328949 329322
329378 329643
330076 330158
330219 330483
330740 330787
331080 331467
331948 332166
332503 332577
332599 332686
332814 332930
333056 333171
333175 333552
333658 334034
334067 334319
334698 334748
335244 335461
335919 336160
336163 336448
336580 336848
336954 337336
337512 337556
337688 338065
338441 338517
338860 339256
339300 339536
339750 339930
340189 340324
340532 340782
340837 340970
341260 341346
341609 341821
342168 342392
342878 343021
343169 343378
343569 343713
344087 344342
344660 344764
345106 345243
345651 345858
346247 346638
346880 347239
347246 347258
347705 348043
348359 348384
348385 348663
349100 349365
349523 349525
349782 350089
350140 350516
350802 351005
351340 351533
351825 351871
352138 352282
352567 352872
353042 353366
353390 353535
353614 353635
353889 354062
354404 354484
354850 354882
355063 355383
355492 355585
355753 355768
355786 355975
356143 356391
356884 356974
357217 357230
357265 357601
357920 358020
358359 358477
358762 359118
359391 359714
359878 360244
360315 360434
360715 361097
361336 361464
361589 361692
361811 362124
362132 362203
362308 362481
362687 362992
362995 363163
363171 363344
363772 363819
363865 363905
364081 364384
364656 364808
365245 365307
365409 365672
365676 365783
365886 366020
366445 366654
367138 367266
367672 367787
367957 368039
368421 368698
369152 369528
369610 369669
369896 369914
370209 370600
370790 371165
371317 371591
371628 371928
372374 372654
372943 373083
373105 373465
373610 373978
374140 374302
374597 374663
374915 375304
375452 375616
375750 375835
376093 376234
376261 376453
376915 377289
377495 377895
377951 378126
378321 378451
378803 378922
379319 379349
379429 379573
379735 379803
379842 380148
380256 380586
380671 380683
380851 381218
381462 381499
381871 382017
382047 382205
382321 382428
382573 382635
382718 382777
383163 383417
383724 383799
383841 384207
384558 384790
385218 385297
385613 385688
386154 386284
386469 386738
387213 387425
387783 387945
388275 388545
388625 388842
389338 389394
389711 389770
390201 390455
390882 391069
391161 391221
391681 391855
391921 391966
392208 392375
392490 392739
393117 393123
393406 393772
394207 394552
394665 394873
395217 395253
395337 395501
395654 395723
396075 396458
396905 397057
397166 397495
397855 397902
398219 398512
398554 398839
398910 399046
399248 399460
399851 400078
400355 400365
400769 401115
401412 401739
402007 402352
402465 402733
402979 403061
403138 403190
403256 403390
403834 403955
404454 404702
404802 405038
405424 405523
405526 405878
406215 406506
406653 406962
407209 407439
407508 407646
407867 408079
408353 408518
408702 408969
409118 409219
409351 409714
409900 410234
410518 410587
410735 410835
411097 411121
411586 411596
412002 412122
412157 412276
412293 412637
412969 413285
413336 413338
413548 413752
413946 414065
414190 414269
414689 415004
415252 415415
415743 416123
416599 416692
417108 417110
417205 417294
417750 417768
418003 418031
418373 418495
418496 418737
419229 419490
419492 419500
419536 419731
419973 420345
420509 420562
420778 420798
421259 421281
421439 421546
421982 422230
422612 422828
422991 423302
423312 423412
423823 423827
423923 424243
424308 424706
424713 424839
425299 425309
425654 425671
425972 426002
426157 426192
426307 426578
426700 427060
427494 427638
427870 428270
428459 428576
428970 429103
429500 429542
429977 430222
430499 430807
431239 431504
431591 431966
432081 432164
432428 432477
432797 432873
433221 433284
433539 433615
433752 433905
434273 434473
434802 435040
435188 435517
436013 436156
436210 436464
436656 437036
437230 437345
437649 437950
438379 438570
438916 439059
439072 439382
439822 439934
440120 440340
440579 440711
440925 441318
441519 441762
442026 442385
442825 442849
443174 443204
443365 443626
443933 444048
444182 444575
444851 445083
445219 445229
445435 445573
445646 445990
446361 446534
446979 447109
447127 447225
447600 447935
448399 448765
449058 449253
449361 449569
449936 450072
450135 450180
450352 450748
450885 451111
451418 451478
451651 451797
452003 452032
452509 452776
453011 453111
453513 453861
454091 454484
454932 455113
455500 455779
455838 455949
456082 456176
456582 456962
457058 457298
457379 457628
458065 458223
458314 458375
458503 458701
459062 459236
459549 459837
459846 460170
460576 460758
461246 461634
461780 461834
462090 462360
462761 463065
463166 463286
463594 463741
463875 464165
464586 464811
465222 465548
465999 466054
466428 466819
466845 467243
467560 467957
468007 468394
468532 468926
469093 469476
469942 470148
470404 470559
470688 470759
470825 471100
471318 471485
471707 471714
471754 472063
472215 472377
472390 472534
472621 472810
473098 473229
473431 473576
473869 473935
474393 474768
475240 475630
476074 476389
476534 476917
477185 477287
477507 477766
478049 478330
478385 478667
478935 479077
479123 479278
479638 479682
479849 480192
480366 480508
480839 481162
481412 481743
481926 481992
482358 482679
483043 483097
483529 483865
483978 484189
484254 484357
484537 484550
484984 485308
485495 485595
485966 486233
486621 486955
487185 487362
487548 487552
487871 488260
488606 488733
489047 489176
489580 489933
490012 490391
490436 490815
490905 491049
491538 491730
492143 492508
492601 492707
493066 493125
493180 493510
493525 493776
494024 494050
494244 494389
494550 494743
494948 495267
495695 495865
495901 495956
496364 496575
496881 497101
497136 497198
497257 497410
497696 497832
498000 498111
498322 498585
498763 498880
499243 499483
499501 499811
499921 500070
500231 500583
501020 501196
501638 501875
501970 502246
502634 502867
503082 503314
503319 503578
503637 504018
504436 504697
504782 504907
505122 505294
505319 505448
505573 505601
506091 506332
506487 506591
506831 507065
507158 507248
507304 507342
507612 507947
508134 508143
508160 508241
508676 508989
509370 509696
510097 510442
510845 511090
511147 511534
511653 511791
512278 512358
512783 512938
513334 513460
513548 513623
513633 513837
513973 514316
514393 514701
514946 515291
515729 516048
516147 516483
516727 517098
517246 517512
517887 518214
518711 519051
519245 519544
519737 519784
519799 520073
520098 520429
520550 520939
521039 521049
521230 521307
521388 521456
521795 522025
522486 522872
523239 523582
523995 524097
524479 524495
524645 524693
524700 525098
525283 525551
525959 526203
526690 526755
526972 527216
527380 527728
527985 528145
528483 528825
529097 529324
529655 529994
530391 530677
531009 531226
531685 532054
532380 532598
532884 533177
533355 533549
533894 533924
534099 534316
534717 535053
535360 535550
535848 536141
536368 536440
536670 537001
537286 537325
537610 537716
537892 538160
538364 538441
538803 539124
539127 539488
539665 539696
539962 540143
540148 540392
540565 540626
541016 541149
541508 541759
541971 541976
542226 542302
542397 542527
542963 543286
543315 543447
543593 543678
543799 543835
544333 544669
545097 545388
545784 545865
546323 546428
546753 546981
547410 547531
547814 547845
548127 548468
548496 548591
548629 548792
548991 549284
549732 549948
550192 550512
550572 550747
551242 551300
551666 551982
551996 552391
552539 552912
553086 553467
553541 553683
554051 554449
554911 555003
555076 555180
555459 555766
555812 556022
556369 556535
557024 557139
557567 557721
557796 558190
558506 558869
559157 559387
559792 560008
560328 560608
560809 561008
561103 561395
561887 561951
562118 562376
562670 562964
563171 563487
563607 563761
563815 564191
564514 564821
565307 565325
565684 565889
566321 566458
566564 566816
567022 567385
567839 567993
568417 568773
569012 569274
569690 569699
569951 570251
570310 570700
570819 571107
571259 571444
571767 571921
572399 572477
572571 572618
573081 573212
573310 573529
573863 574033
574363 574727
575208 575573
575749 575854
576279 576585
576914 576927
577420 577708
578015 578384
578661 579047
579283 579403
579534 579576
579905 580010
580218 580298
580684 580980
581304 581475
581516 581847
582067 582404
582500 582896
583240 583276
583365 583738
583759 583809
584136 584512
584812 585151
585476 585531
585605 585795
586022 586353
586541 586719
586912 587003
587430 587484
587572 587630
587819 587849
588006 588372
588750 588770
589169 589336
589758 589906
589930 589947
590167 590195
590649 590922
591110 591270
591616 591753
592107 592402
592755 592903
593363 593558
593786 594018
594102 594294
594630 594780
595058 595303
595616 595673
595798 595831
596325 596696
596788 597001
597429 597520
597687 597763
598085 598388
598410 598593
598670 598975
599260 599507
599564 599733
600216 600382
600727 600777
601042 601321
601599 601843
602116 602491
602962 603338
603821 604030
604430 604561
604915 605141
605423 605438
605757 605785
606117 606406
606721 606858
607167 607399
607485 607811
608104 608367
608656 608951
608952 609336
609376 609418
609890 610023
610475 610626
611116 611228
611705 611743
612023 612163
612182 612572
613036 613139
613360 613751
613877 613964
614003 614182
614197 614379
614778 614861
615215 615472
615669 615901
616182 616185
616550 616696
617079 617099
617107 617429
617638 618033
618239 618497
618978 619359
619365 619369
619656 619954
620242 620331
620473 620589
620649 620767
620845 621196
621334 621703
622177 622261
622743 622894
623220 623450
623451 623497
623711 623822
624294 624334
624535 624693
625083 625148
625164 625348
625706 626059
626515 626588
626965 627284
627393 627473
627628 627728
627939 628149
628342 628550
628607 628969
629192 629514
629564 629686
629751 630065
630491 630663
630870 631048
631371 631415
631850 631977
632192 632207
632604 632631
632663 633040
633295 633519
633964 634059
634467 634848
634972 635343
635842 636224
636622 636884
637243 637386
637793 638072
638131 638310
638697 638934
639339 639378
639748 639750
640031 640114
640496 640529
640839 641175
641361 641737
641839 642149
642219 642496
642545 642926
642983 643032
643035 643377
643830 644179
644549 644772
644801 644954
645451 645622
645839 645907
646044 646126
646331 646685
646688 646728
647001 647035
647216 647321
647719 647942
648315 648696
648937 649005
649458 649621
650110 650172
650537 650826
650850 651007
651087 651267
651650 651977
652092 652317
652409 652721
653121 653284
653417 653760
653912 653957
654454 654606
654774 654882
655342 655414
655903 656163
656436 656713
657147 657244
657722 657994
658169 658559
658991 659285
659685 660046
660340 660464
660550 660599
660808 660965
661037 661286
661644 661725
662192 662321
662808 662950
663250 663590
663848 663898
664214 664373
664850 664997
665233 665290
665489 665675
665918 666281
666773 666975
667428 667659
667963 668341
668472 668487
668867 669045
669129 669208
669258 669607
669885 670148
670634 670926
671121 671233
671438 671489
671601 671851
671995 672214
672687 673027
673357 673724
673961 674176
674274 674602
674982 675129
675259 675656
675716 675781
676078 676295
676482 676702
676732 677112
677498 677846
678100 678354
678584 678959
679040 679099
679545 679879
679912 680069
680082 680450
680547 680798
681143 681525
681567 681870
681946 682258
682683 682862
683111 683180
683420 683577
683986 684381
684631 684928
685202 685539
685880 685903
685998 686258
686521 686613
687012 687292
687409 687767
688066 688212
688710 688917
689374 689663
689974 690218
690570 690870
690888 690964
691442 691698
691904 692099
692245 692352
692837 692955
693280 693537
693591 693973
694350 694550
694806 695014
695136 695412
695744 695842
695959 696058
696177 696391
696405 696455
696511 696872
697332 697605
697872 697898
698094 698397
698593 698813
699131 699530
699601 699690
699964 700252
700377 700552
700744 700782
701216 701526
701635 701969
702341 702499
702736 703106
703189 703311
703604 703959
704173 704405
704441 704711
705169 705176
705674 705929
706071 706305
706805 706991
707264 707265
707696 707924
708203 708464
708724 708947
709257 709292
709379 709436
709895 710152
710598 710686
711137 711457
711877 712271
712313 712673
713141 713253
713406 713511
713753 713971
714250 714367
714497 714636
714956 715157
715573 715904
716175 716489
716530 716838
716889 717006
717465 717557
717755 717815
717983 718191
718267 718284
718429 718441
718651 718705
719054 719103
719291 719556
719915 719926
719947 720233
720531 720694
720957 721187
721266 721343
721599 721963
722188 722288
722582 722969
723026 723032
723530 723918
724196 724221
724263 724324
724358 724411
724887 725221
725474 725818
726302 726387
726650 726675
727086 727238
727310 727639
727692 727923
728149 728506
728840 728953
729139 729348
729352 729508
729959 730245
730543 730657
731157 731204
731401 731748
731835 732025
732204 732329
732657 732776
732827 733063
733126 733476
733650 734015
734142 734501
734779 735135
735443 735653
735760 736124
736367 736647
737139 737505
738001 738245
738527 738907
739342 739537
739785 740014
740144 740171
740581 740935
741275 741322
741768 742083
742135 742269
742769 743123
743379 743695
744024 744107
744509 744893
745250 745269
745768 746082
746128 746380
746861 747103
747207 747527
747878 748092
748445 748736
748779 748818
749135 749421
749741 749978
750255 750437
750690 750770
750939 751030
751217 751413
751827 752180
752238 752282
752452 752705
752724 752870
753236 753442
753798 753844
754098 754410
754764 754999
755009 755387
755849 756230
756342 756635
756954 757069
757267 757383
757846 758143
758612 758874
758988 759001
759318 759389
759581 759628
760048 760075
760323 760654
760692 760832
760889 761272
761312 761636
761894 762152
762159 762399
762704 763053
763145 763513
763983 764178
764572 764902
765068 765317
765486 765702
766073 766329
766460 766692
767180 767319
767772 767860
768342 768475
768903 769271
769382 769554
769930 770021
770052 770086
770325 770487
770958 771018
771154 771458
771532 771535
771903 772132
772540 772638
773078 773286
773418 773732
773828 773875
773988 774366
774480 774636
774835 775072
775263 775575
775584 775679
775837 776089
776580 776762
777198 777365
777420 777438
777782 778168
778511 778593
779075 779474
779811 780127
780341 780473
780513 780698
780836 781231
781412 781461
781706 781780
782259 782308
782382 782750
782945 782983
783109 783235
783545 783622
784020 784237
784399 784659
784802 785159
785458 785623
786109 786490
786493 786750
787213 787595
787741 787783
788165 788459
788465 788487
788742 788815
788832 788903
789207 789331
789675 789831
789949 790306
790460 790507
790599 790644
790715 790895
791356 791751
791952 792055
792260 792519
792734 792737
793234 793474
793817 794078
794462 794464
794767 795073
795254 795516
795792 796118
796333 796616
796638 796975
797043 797366
797370 797708
797853 798071
798081 798448
798571 798835
799015 799208
799211 799315
799392 799426
799815 800062
800168 800326
800426 800749
801048 801054
801199 801558
801922 801959
802281 802607
803025 803242
803687 803727
804149 804492
804826 804996
805047 805190
805685 805890
805973 806166
806254 806433
806633 806931
806964 807111
807150 807392
807785 808170
808655 808782
809009 809074
809116 809261
809544 809877
810350 810494
810818 811069
811322 811606
811889 811893
811921 812211
812386 812631
812908 812946
813064 813214
813294 813380
813445 813741
814213 814493
814702 814825
814959 815154
815580 815675
815847 816118
816455 816790
816862 817257
817349 817354
817383 817476
817749 817798
818267 818377
818869 818874
818936 819329
819628 819991
820341 820607
820904 821073
821549 821784
822009 822302
822649 822862
823034 823114
823319 823357
823754 824020
824040 824222
824615 824960
825380 825693
826087 826091
826232 826320
826744 826894
827232 827552
827849 827925
828344 828392
828501 828658
828706 828828
829273 829551
829716 829987
830384 830517
830872 830954
831374 831445
831654 831901
832299 832559
832682 832861
833134 833231
833693 833885
833916 834108
834392 834478
834892 835104
835411 835429
835513 835594
836046 836414
836903 837100
837171 837183
837346 837483
837754 838052
838354 838712
838837 839138
839149 839338
839812 840158
840189 840496
840544 840608
840717 840833
841061 841274
841475 841486
841558 841837
842176 842240
842293 842679
842974 843057
843233 843445
843726 843816
843860 844174
844417 844782
845253 845264
845311 845477
845694 845783
846028 846216
846297 846533
846810 847131
847360 847740
848033 848246
848494 848879
849200 849503
849846 850188
850525 850583
850707 851031
851376 851402
851649 851987
852084 852357
852617 852808
853124 853429
853624 853814
854253 854365
854700 854771
855014 855112
855210 855311
855514 855555
855688 855841
855936 856207
856303 856306
856781 857110
857228 857422
857622 857651
857950 858030
858345 858641
858899 858931
859385 859656
859786 859868
860302 860425
860888 860925
861012 861411
861736 861948
862162 862522
862708 862711
862979 863170
863286 863345
863750 864014
864173 864232
864589 864783
865247 865550
865970 866183
866416 866648
867141 867334
867796 867876
868112 868166
868175 868407
868456 868792
869027 869396
869582 869661
869750 869965
870207 870385
870631 870816
871191 871488
871854 872228
872407 872806
872999 873178
873424 873618
874071 874274
874337 874460
874551 874783
875242 875529
875801 875918
876193 876262
876416 876561
876776 877011
877343 877591
877739 877792
878286 878307
878671 879061
879202 879445
879604 879785
880120 880516
880714 881089
881318 881441
881605 881891
882215 882486
882827 882935
882997 883337
883622 883820
884198 884360
884788 885065
885459 885659
885941 886110
886356 886513
886898 886957
887366 887689
887732 887773
887901 887912
888171 888400
888730 889020
889358 889546
889817 890191
890222 890424
890771 890823
890887 890991
891087 891348
891706 892015
892352 892550
893002 893313
893714 893909
894354 894498
894609 894696
895119 895127
895403 895764
895812 896144
896460 896800
896869 896949
897313 897620
897930 898235
898240 898385
898421 898732
898869 899099
899309 899626
899674 900070
900567 900838
900984 901178
901658 901799
902013 902376
902824 902929
903415 903423
903594 903816
903819 904084
904105 904109
904567 904589
904728 904773
904775 904853
905071 905401
905566 905713
905920 906198
906684 906973
907115 907269
907668 907681
907757 907778
907926 908325
908691 908815
909000 909198
909616 909701
910174 910454
910556 910853
911191 911412
911855 912030
912529 912564
912848 913012
913222 913402
913718 913837
913968 914025
914071 914157
914488 914491
914572 914715
914759 914808
914827 915058
915475 915682
915728 916104
916410 916425
916801 917107
917570 917576
917606 917748
918192 918321
918768 918819
919105 919498
919580 919836
920315 920371
920734 920877
921083 921276
921583 921594
921642 922042
922210 922333
922701 922715
923165 923479
923863 923888
924223 924456
924860 925156
925319 925555
925581 925869
926303 926603
926835 927199
927695 927753
927789 927867
928126 928418
928857 928988
929172 929466
929825 929934
930314 930437
930624 930995
931011 931269
931650 931881
932077 932147
932193 932562
932901 933251
933726 933780
933988 934231
934253 934433
934574 934764
934827 935020
935498 935513
935775 935924
935964 936089
936382 936639
936921 937186
937368 937475
937700 937741
937959 938178
938179 938493
938877 939242
939725 939857
940026 940410
940585 940867
941004 941274
941709 942069
942360 942720
942742 943073
943335 943362
943786 944038
944491 944715
945093 945190
945440 945656
945802 946175
946334 946497
946766 947128
947167 947512
947808 948202
948439 948504
948980 949087
949132 949309
949800 949887
950029 950069
950203 950379
950831 951131
951286 951395
951476 951569
952034 952257
952623 952860
953297 953471
953602 953776
954086 954113
954382 954574
954762 954816
955129 955274
955579 955582
956032 956421
956782 956886
957318 957588
957633 957893
958370 958735
958991 959354
959771 960171
960302 960435
960534 960807
960809 961164
961619 962015
962254 962272
962328 962626
963100 963268
963313 963460
963821 963867
964299 964582
964888 965105
965548 965763
965906 966248
966295 966537
967026 967316
967586 967892
967935 968325
968497 968535
969012 969356
969842 970074
970261 970524
970605 970678
970967 971341
971734 971778
971959 971981
972051 972127
972275 972461
972776 972954
973078 973092
973129 973501
973692 973855
974131 974466
974632 974643
974691 974886
974961 975129
975459 975839
976280 976609
977026 977404
977622 977947
978403 978606
978792 978928
979200 979235
979410 979472
979510 979732
979841 980151
980382 980754
981158 981303
981506 981899
982018 982412
982846 983150
983564 983842
983869 984076
984307 984624
984685 984715
985209 985404
985498 985652
986072 986456
986603 986783
987091 987237
987352 987440
987742 987922
988270 988523
988709 988989
989165 989504
989611 989751
989848 990008
990329 990538
990702 990886
990946 991045
991353 991549
991570 991796
991955 992133
992515 992615
992880 992973
993324 993570
993718 994087
994415 994564
994646 994697
995096 995368
995434 995716
995917 995926
996110 996262
996640 996944
997081 997289
997673 997934
998373 998586
998841 999135
999609 999934
1000070 1000307
1000609 1000845
1000950 1001049
1001498 1001547
1001982 1002025
1002070 1002231
1002671 1002961
1003064 1003080
1003364 1003567
1003809 1004086
1004287 1004311
1004640 1004966
1005344 1005419
1005844 1006242
1006474 1006721
1006993 1007333
1007762 1007854
1008068 1008118
1008588 1008757
1008936 1009267
1009620 1009883
1010198 1010374
1010743 1010999
1011069 1011095
1011572 1011799
1011941 1012109
1012188 1012380
1012562 1012622
1013056 1013238
1013378 1013588
1013708 1014020
1014057 1014106
1014128 1014399
1014400 1014403
1014556 1014870
1015269 1015471
1015784 1016064
1016416 1016636
1016721 1016856
1017164 1017179
1017609 1017853
1018329 1018643
1019083 1019088
1019529 1019625
1019928 1020229
1020650 1020699
1021194 1021539
1022006 1022062
1022273 1022519
1022792 1023184
1023623 1023864
1024022 1024133
1024289 1024500
1024683 1024728
1025188 1025198
1025279 1025552
1025809 1026111
1026451 1026797
1026995 1027070
1027184 1027365
1027471 1027590
1028060 1028449
1028570 1028882
1029145 1029474
1029761 1029909
1029986 1030054
1030216 1030287
1030543 1030693
1031042 1031205
1031300 1031595
1031764 1032002
1032145 1032503
1032580 1032941
1032994 1032996
1033173 1033266
1033666 1033674
1033807 1034083
1034428 1034758
1034952 1035243
1035542 1035851
1036114 1036374
1036381 1036433
1036779 1037041
1037474 1037594
1038019 1038303
1038424 1038802
1039196 1039307
1039438 1039826
1040090 1040471
1040852 1041006
1041394 1041723
1041873 1042157
1042503 1042559
1042714 1042887
1043273 1043594
1044022 1044298
1044630 1044991
1045180 1045231
1045388 1045394
1045813 1045894
1046337 1046426
1046834 1046991
1047466 1047747
1048080 1048402
1048898 1049113
1049498 1049746
1050163 1050201
1050542 1050680
1050737 1050919
1051073 1051394
1051771 1052111
1052279 1052532
1052691 1052837
1052929 1052944
1053291 1053663
1054119 1054480
1054592 1054986
1054991 1055169
1055391 1055411
1055624 1055893
1056039 1056326
1056562 1056637
1056659 1056992
1057401 1057434
1057653 1057760
1058038 1058158
1058469 1058839
1059224 1059560
1059762 1060078
1060463 1060782
1060985 1061355
1061676 1061952
1062176 1062530
1062829 1063177
1063549 1063587
1063828 1063898
1064209 1064387
1064530 1064578
1064748 1064859
1065143 1065331
1065673 1065715
1066055 1066288
1066424 1066440
1066937 1067257
1067355 1067633
1067959 1068098
1068288 1068393
1068721 1068882
1069381 1069651
1069696 1069877
1070048 1070112
1070437 1070511
1070764 1070903
1071166 1071382
1071565 1071778
1072183 1072559
1073010 1073230
1073406 1073686
1073752 1073995
1074321 1074445
1074466 1074656
1074837 1074855
1075275 1075498
1075915 1076207
1076389 1076709
1076821 1077136
1077386 1077767
1078168 1078561
1078922 1079140
1079392 1079584
1079847 1079961
1080045 1080207
1080481 1080619
1080733 1081132
1081472 1081677
1081911 1082064
1082527 1082808
1083121 1083248
1083402 1083595
1083913 1083928
1083967 1084308
1084759 1084953
1085116 1085315
1085487 1085556
1085597 1085603
1086068 1086070
1086465 1086669
1086757 1087091
1087581 1087972
1088059 1088204
1088407 1088763
1088999 1089105
1089308 1089390
1089525 1089536
1089915 1090266
1090544 1090941
1091300 1091517
1091889 1092060
1092137 1092438
1092706 1092901
1093250 1093648
1093782 1093977
1094016 1094055
1094355 1094553
1094773 1094887
1095286 1095367
1095734 1095862
1096109 1096169
1096262 1096605
1096830 1097035
1097104 1097373
1097674 1098060
1098071 1098100
1098292 1098399
1098580 1098608
1098832 1098847
1099196 1099325
1099331 1099608
1099952 1100328
1100793 1101015
1101351 1101438
1101455 1101519
1101845 1101985
1102215 1102496
1102737 1103077
1103346 1103642
1104048 1104087
1104318 1104666
1104981 1105371
1105725 1105911
1106127 1106475
1106734 1106932
1106948 1107347
1107777 1108073
1108252 1108336
1108763 1108929
1109399 1109439
1109785 1110056
1110139 1110158
1110581 1110759
1110926 1111088
1111552 1111595
1111745 1112020
1112198 1112327
1112526 1112879
1113194 1113268
1113476 1113812
1114112 1114345
1114684 1114908
1115199 1115393
1115734 1115980
1116215 1116308
1116536 1116838
1117073 1117186
1117484 1117789
1118079 1118123
1118319 1118688
1119164 1119500
1119921 1120111
1120208 1120350
1120468 1120751
1120966 1121275
1121400 1121691
1122091 1122469
1122945 1123287
1123565 1123609
1123892 1124146
1124155 1124512
1124927 1125140
1125629 1125865
1126066 1126427
1126472 1126782
1126857 1127079
1127499 1127646
1127957 1127982
1128270 1128482
1128776 1128798
1129206 1129572
1129907 1130293
1130472 1130531
1131004 1131057
1131059 1131270
1131711 1131979
1132428 1132566
1132749 1133113
1133444 1133650
1134097 1134234
1134467 1134611
1134723 1135048
1135386 1135599
1135732 1135895
1135948 1136163
1136202 1136403
1136870 1137104
1137534 1137765
1138137 1138327
1138357 1138688
1139057 1139147
1139414 1139522
1139760 1140121
1140298 1140334
1140831 1140856
1141203 1141296
1141399 1141696
1141977 1142348
1142698 1142867
1143028 1143345
1143454 1143745
1143934 1144332
1144642 1144765
1145217 1145372
1145498 1145672
1145816 1145823
1145863 1145945
1146260 1146290
1146458 1146804
1147016 1147082
1147234 1147443
1147472 1147559
1147687 1147794
1148113 1148324
1148519 1148609
1148859 1149163
1149526 1149797
1150063 1150378
1150803 1150937
1150990 1151302
1151609 1151619
1152050 1152329
1152578 1152689
1153018 1153246
1153446 1153679
1154043 1154190
1154383 1154730
1154955 1154957
1155174 1155287
1155326 1155495
1155716 1156036
1156232 1156381
1156785 1157163
1157314 1157586
1157753 1157941
1158187 1158320
1158346 1158740
1158862 1159187
1159543 1159821
1159932 1160163
1160448 1160488
1160674 1161045
1161418 1161420
1161744 1161778
1162276 1162410
1162639 1163030
1163367 1163382
1163451 1163683
1164037 1164126
1164460 1164785
1164977 1164999
1165206 1165592
1165671 1165853
1166353 1166370
1166594 1166619
1167028 1167140
1167449 1167685
1167928 1168248
1168639 1169038
1169483 1169783
1169819 1170040
1170307 1170391
1170873 1171039
1171127 1171519
1171787 1171853
1172167 1172418
1172781 1173032
1173203 1173275
1173578 1173846
1174094 1174311
1174541 1174615
1174890 1175168
1175391 1175575
1175803 1175945
1176148 1176343
1176787 1177075
1177400 1177505
1177907 1178285
1178559 1178636
1178695 1178885
1178949 1178996
1179266 1179442
1179557 1179906
1180256 1180591
1180743 1181113
1181273 1181515
1181734 1181954
1182274 1182598
1182740 1182981
1183074 1183364
1183672 1183691
1183958 1183975
1184240 1184400
1184435 1184606
1184695 1184926
1184952 1184964
1185365 1185525
1185597 1185807
1186013 1186110
1186385 1186581
1186668 1187034
1187335 1187454
1187493 1187708
1188152 1188372
1188698 1188994
1189256 1189357
1189841 1189913
1190021 1190406
1190636 1190726
1190985 1191081
1191510 1191771
1192043 1192441
1192797 1193066
1193211 1193379
1193768 1193876
1194087 1194479
1194680 1195010
1195052 1195339
1195382 1195409
1195802 1196158
1196596 1196726
1196865 1197154
1197480 1197780
1197948 1198180
1198523 1198809
1199118 1199466
1199727 1200022
1200436 1200527
1200740 1201125
1201298 1201654
1202087 1202386
1202552 1202852
1202957 1203202
1203694 1203782
1204222 1204581
1204913 1205310
1205466 1205658
1205920 1206269
1206731 1207101
1207239 1207269
1207496 1207735
1207801 1208019
1208312 1208345
1208644 1208671
1208751 1208785
1209172 1209182
1209183 1209551
1209797 1210196
1210307 1210339
1210521 1210786
1210793 1211100
1211549 1211896
1212179 1212467
1212489 1212819
1213106 1213126
1213338 1213619
1213819 1214130
1214595 1214923
1215207 1215599
1215773 1215824
1216051 1216271
1216762 1217078
1217570 1217833
1217884 1217893
1218190 1218225
1218300 1218572
1218681 1218962
1219010 1219235
1219575 1219720
1220120 1220431
1220599 1220657
1220986 1221352
1221464 1221501
1221957 1222353
1222611 1222786
1222844 1223181
1223519 1223662
1223928 1224326
1224553 1224925
1225001 1225336
1225768 1226038
1226176 1226497
1226836 1227155
1227201 1227571
1227711 1227822
1228212 1228251
1228375 1228628
1228665 1228981
1229344 1229603
1229876 1230104
1230163 1230561
1230684 1230994
1231254 1231382
1231580 1231826
1231851 1232157
1232209 1232572
1232657 1232751
1232768 1233097
1233126 1233245
1233681 1233901
1234384 1234649
1234740 1234781
1235234 1235441
1235528 1235709
1236133 1236192
1236363 1236541
1236860 1236875
1236911 1237046
1237389 1237688
1237808 1238089
1238518 1238602
1238808 1239035
1239169 1239428
1239566 1239580
1239599 1239984
1240402 1240535
1240890 1240957
1241164 1241294
1241738 1241816
1242155 1242255
1242260 1242292
1242373 1242523
1242752 1243004
1243480 1243696
1244144 1244303
1244503 1244597
1244913 1245189
1245371 1245437
1245887 1245912
1246355 1246427
1246576 1246662
1246916 1247183
1247523 1247654
1248051 1248311
1248690 1248964
1249166 1249189
1249483 1249597
1249785 1250094
1250546 1250633
1250892 1251008
1251260 1251629
1251807 1252132
1252258 1252402
1252501 1252844
1253216 1253253
1253652 1253806
1254300 1254362
1254761 1255061
1255109 1255255
1255468 1255784
1256206 1256328
1256773 1256816
1257147 1257311
1257545 1257933
1258143 1258497
1258597 1258628
1258743 1259092
1259529 1259846
1260008 1260323
1260687 1260736
1261152 1261429
1261592 1261601
1261965 1262036
1262189 1262419
1262668 1262866
1263291 1263684
1263947 1264038
1264052 1264369
1264803 1265039
1265369 1265389
1265603 1265739
1265792 1266086
1266294 1266529
1266919 1267237
1267426 1267552
1268011 1268046
1268230 1268285
1268346 1268576
1268692 1269034
1269200 1269533
1269844 1269943
1270242 1270637
1270888 1271216
1271431 1271766
1271803 1272197
1272688 1272695
1272815 1273054
1273551 1273944
1274440 1274827
1275306 1275346
1275404 1275482
1275682 1275855
1276349 1276588
1276999 1277067
1277556 1277738
1278173 1278549
1278801 1279200
1279649 1280046
1280310 1280540
1280757 1280972
1281375 1281774
1282263 1282472
1282786 1283081
1283182 1283526
1283860 1283950
1284007 1284151
1284612 1284821
1284963 1285330
1285701 1285713
1286132 1286232
1286526 1286705
1286857 1286940
1287189 1287324
1287565 1287819
1288253 1288632
1289077 1289465
1289757 1290055
1290488 1290719
1291129 1291217
1291287 1291547
1291680 1291726
1292166 1292245
1292573 1292904
1292937 1293242
1293667 1293685
1293950 1294020
1294172 1294473
1294859 1294927
1294950 1295336
1295385 1295638
1295944 1296321
1296797 1297164
1297537 1297677
1297962 1298232
1298302 1298411
1298824 1299005
1299191 1299404
1299671 1299867
1300024 1300137
1300254 1300381
1300650 1300892
1301284 1301610
1301896 1302059
1302525 1302799
1303173 1303262
1303646 1304004
1304111 1304192
1304529 1304650
1304783 1304807
1305275 1305418
1305647 1305907
1306059 1306372
1306515 1306690
1307038 1307385
1307850 1308089
1308131 1308222
1308666 1309038
1309473 1309851
1309894 1310237
1310250 1310318
1310652 1310815
1311109 1311435
1311674 1311901
1312366 1312513
1312879 1313218
1313635 1313971
1314068 1314162
1314437 1314609
1314688 1314836
1315027 1315410
1315711 1315775
1315951 1316265
1316473 1316667
1316875 1317027
1317068 1317222
1317682 1317994
1318105 1318390
1318566 1318844
1318872 1318949
1319103 1319124
1319250 1319648
1320136 1320137
1320613 1320822
1320895 1320956
1321271 1321612
1321750 1321804
1321961 1322057
1322079 1322407
1322606 1322945
1323135 1323144
1323152 1323262
1323563 1323684
1323765 1324124
1324345 1324474
1324619 1324672
1324852 1325070
1325235 1325461
1325812 1325917
1325926 1326178
1326579 1326887
1327283 1327434
1327605 1327887
1327909 1328049
1328303 1328406
1328818 1329049
1329452 1329535
1329637 1329900
1330189 1330414
1330769 1330801
1331044 1331312
1331656 1331983
1332073 1332099
1332249 1332275
1332510 1332583
1332998 1333304
1333722 1333944
1334070 1334133
1334153 1334282
1334392 1334751
1335026 1335379
1335574 1335672
1336122 1336149
1336315 1336350
1336531 1336619
1336928 1336953
1336970 1337289
1337602 1337788
1337943 1338087
1338558 1338701
1338804 1339167
1339276 1339492
1339990 1340279
1340706 1341030
1341469 1341504
1341970 1342179
1342623 1342741
1342823 1343173
1343283 1343344
1343485 1343823
1344119 1344379
1344797 1345157
1345161 1345297
1345454 1345514
1345600 1345858
1345998 1346025
1346194 1346581
1346798 1346972
1346973 1347085
1347142 1347173
1347624 1347958
1348187 1348497
1348835 1349185
1349332 1349338
1349407 1349730
1350228 1350584
1350981 1351242
1351614 1351684
1351920 1351958
1352040 1352387
1352579 1352616
1353048 1353055
1353290 1353642
1353931 1354273
1354367 1354416
1354870 1355006
1355109 1355349
1355793 1356008
1356196 1356412
1356538 1356765
1356874 1357184
1357246 1357363
1357465 1357658
1358051 1358080
1358436 1358783
1359283 1359401
1359888 1359920
1360017 1360036
1360162 1360334
1360809 1360878
1361211 1361440
1361925 1362155
1362262 1362415
1362893 1363212
1363298 1363410
1363750 1363839
1364143 1364323
1364698 1364725
1365208 1365493
1365501 1365579
1365742 1365960
1366182 1366336
1366578 1366611
1366873 1367116
1367130 1367309
1367685 1367966
1368033 1368241
1368661 1369014
1369259 1369563
1369784 1370167
1370268 1370289
1370386 1370770
1371112 1371255
1371596 1371803
1372033 1372195
1372529 1372639
1372802 1372884
1373304 1373571
1373669 1373934
1374266 1374441
1374517 1374568
1374680 1374967
1375093 1375446
1375514 1375527
1375923 1376044
1376215 1376612
1376904 1377197
1377351 1377607
1377969 1377975
1378025 1378318
1378341 1378616
1378646 1378703
1379047 1379388
1379709 1379932
1380338 1380438
1380566 1380767
1380866 1381125
1381331 1381485
1381968 1382317
1382462 1382593
1383017 1383068
1383071 1383387
1383397 1383651
1384023 1384208
1384654 1384758
1384780 1384902
1384978 1385055
1385486 1385795
1386276 1386388
1386572 1386757
1386841 1387224
1387403 1387768
1388040 1388168
1388345 1388579
1388872 1388931
1389225 1389590
1389694 1389798
1389940 1390256
1390398 1390725
1390941 1391284
1391727 1391745
1391955 1392234
1392251 1392555
1392915 1393088
1393174 1393457
1393800 1393841
1394300 1394550
1394887 1395012
1395238 1395525
1395571 1395948
1396278 1396662
1397146 1397422
1397502 1397655
1397951 1398213
1398435 1398716
1398748 1398996
1399408 1399500
1399621 1399997
1400445 1400747
1400759 1401142
1401439 1401625
1402092 1402488
1402695 1402706
1402773 1402784
1402836 1402972
1403260 1403355
1403782 1404009
1404052 1404434
1404774 1405101
1405294 1405453
1405588 1405893
1405958 1406078
1406167 1406178
1406394 1406661
1406986 1407142
1407616 1407977
1408165 1408564
1408830 1408993
1409388 1409656
1409850 1410240
1410660 1411024
1411382 1411619
1411977 1412324
1412746 1412901
1413187 1413315
1413393 1413782
1413933 1414123
1414274 1414475
1414589 1414819
1415053 1415275
1415732 1416010
1416507 1416699
1417005 1417072
1417540 1417774
1418124 1418364
1418480 1418805
1419136 1419295
1419328 1419356
1419787 1419852
1420334 1420486
1420669 1420758
1420806 1420825
1420988 1421193
1421332 1421722
1421831 1422187
1422194 1422246
1422473 1422500
1422641 1422858
1422896 1423052
1423279 1423486
1423973 1424178
1424280 1424542
1424696 1424883
1424933 1424951
1425180 1425433
1425893 1426169
1426389 1426417
1426523 1426890
1426922 1427292
1427437 1427837
1428150 1428383
1428564 1428847
1429230 1429340
1429540 1429932
1430241 1430265
1430755 1430902
1431110 1431301
1431386 1431642
1431894 1431984
1432106 1432278
1432374 1432401
1432784 1432851
1433059 1433270
1433620 1433634
1433947 1434144
1434267 1434637
1434832 1434960
1435391 1435538
1435763 1436012
1436421 1436514
1436969 1437195
1437371 1437637
1437939 1438200
1438273 1438658
1438730 1438961
1439129 1439401
1439409 1439478
1439704 1440096
1440373 1440640
1441138 1441291
1441367 1441435
1441743 1442140
1442227 1442499
1442613 1442848
1443315 1443485
1443944 1444187
1444282 1444667
1444906 1444915
1445166 1445208
1445485 1445840
1446054 1446272
1446335 1446725
1446980 1447229
1447540 1447920
1448359 1448432
1448644 1448726
1449083 1449352
1449667 1450055
1450231 1450477
1450949 1451133
1451339 1451356
1451403 1451649
1452135 1452446
1452604 1452911
1453342 1453688
1453752 1454065
1454431 1454492
1454584 1454923
1455400 1455484
1455752 1455873
1456000 1456288
1456436 1456533
1456592 1456627
1457049 1457331
1457583 1457681
1458004 1458111
1458587 1458881
1459007 1459397
1459765 1460092
1460380 1460726
1461156 1461360
1461713 1462105
1462332 1462545
1462842 1463213
1463403 1463564
1463696 1463810
1463915 1464204
1464250 1464492
1464561 1464877
1465305 1465664
1466087 1466225
1466600 1466934
1467219 1467392
1467623 1467933
1467968 1468109
1468294 1468413
1468909 1469232
1469394 1469722
1470188 1470305
1470633 1470927
1471427 1471763
1471877 1472017
1472116 1472462
1472640 1472731
1473106 1473207
1473446 1473793
1474117 1474476
1474934 1475258
1475672 1476020
1476178 1476450
1476557 1476917
1477219 1477466
1477540 1477634
1477805 1478178
1478427 1478617
1478916 1479205
1479668 1480043
1480279 1480586
1480692 1480951
1481284 1481489
1481798 1481838
1482121 1482157
1482259 1482655
1482968 1483338
1483589 1483703
1483802 1484109
1484146 1484524
1484615 1484653
1484751 1485026
1485513 1485827
1485901 1486106
1486472 1486731
1487023 1487168
1487419 1487668
1488137 1488463
1488718 1488880
1489021 1489185
1489463 1489520
1489719 1490016
1490317 1490515
1490755 1491017
1491168 1491334
1491497 1491745
1491959 1492120
1492480 1492785
1492894 1493093
1493191 1493259
1493720 1493911
1494230 1494432
1494883 1495029
1495457 1495601
1495627 1495812
1496025 1496149
1496554 1496878
1496939 1497303
1497321 1497614
1497850 1498023
1498338 1498399
1498760 1498960
1499342 1499623
1499789 1500042
1500283 1500375
1500655 1500717
1500898 1501285
1501656 1501916
1501917 1502217
1502476 1502715
1503071 1503440
1503664 1503814
1503888 1504175
1504368 1504707
1504958 1505257
1505515 1505585
1505725 1505926
1506259 1506418
1506436 1506523
1506751 1507137
1507526 1507762
1507819 1507994
1508186 1508368
1508638 1508779
1509080 1509220
1509658 1509892
1510324 1510712
1510843 1510853
1510966 1511248
1511294 1511505
1511625 1511629
1511651 1512033
1512388 1512538
1512635 1512992
1513036 1513258
1513596 1513866
1513887 1514131
1514600 1514970
1515117 1515238
1515573 1515634
1515996 1516149
1516384 1516486
1516670 1517034
1517237 1517504
1517595 1517937
1518239 1518452
1518587 1518982
1519298 1519659
1520135 1520383
1520712 1521027
1521172 1521568
1521891 1522130
1522414 1522656
1523065 1523236
1523461 1523848
1524022 1524135
1524156 1524526
1524933 1524971
1525131 1525206
1525237 1525571
1525906 1525977
1526214 1526563
1526938 1526962
1527200 1527412
1527834 1528169
1528308 1528397
1528757 1529132
1529475 1529515
1529911 1530003
1530230 1530427
1530826 1530954
1531169 1531197
1531462 1531857
1532317 1532582
1533031 1533409
1533493 1533848
1534057 1534158
1534388 1534542
1534856 1535214
1535374 1535432
1535858 1536014
1536393 1536560
1536583 1536771
1536898 1537296
1537616 1537850
1538268 1538628
1538717 1538993
1539452 1539839
1540210 1540344
1540413 1540656
1541139 1541405
1541704 1541810
1542300 1542652
1542856 1543080
1543290 1543625
1544081 1544181
1544315 1544341
1544722 1545030
1545153 1545277
1545737 1546052
1546446 1546737
1547211 1547245
1547493 1547529
1547621 1548004
1548485 1548497
1548876 1548897
1548931 1549222
1549230 1549320
1549605 1549844
1549846 1550199
1550476 1550529
1550542 1550777
1551019 1551398
1551418 1551786
1551903 1552071
1552199 1552247
1552701 1552744
1552848 1553192
1553515 1553726
1554181 1554266
1554553 1554686
1554843 1554940
1554973 1555267
1555690 1556016
1556279 1556357
1556777 1556871
1557005 1557375
1557761 1558111
1558485 1558560
1558674 1558947
1559259 1559626
1560083 1560259
1560321 1560600
1561033 1561156
1561255 1561345
1561463 1561471
1561966 1562352
1562817 1562884
1562914 1562995
1563351 1563481
1563842 1564003
1564409 1564449
1564658 1564933
1565232 1565373
1565561 1565865
1566104 1566215
1566631 1566733
1567109 1567380
1567498 1567737
1567739 1567813
1568228 1568410
1568474 1568547
1568739 1568950
1569210 1569348
1569493 1569873
1570349 1570682
1571020 1571208
1571337 1571396
1571704 1571920
1571956 1572156
1572548 1572703
1572827 1572832
1572911 1573125
1573496 1573504
1573932 1574102
1574289 1574409
1574606 1574924
1575097 1575351
1575424 1575822
1576248 1576467
1576569 1576910
1577019 1577261
1577620 1577823
1577892 1578004
1578429 1578543
1578901 1578961
1579327 1579333
1579733 1580052
1580547 1580742
1581061 1581376
1581512 1581779
1581863 1582036
1582515 1582874
1583110 1583384
1583667 1583748
1584174 1584275
1584669 1584750
1584894 1584975
1585404 1585642
1586065 1586375
1586674 1586898
1587357 1587659
1587695 1587950
1588190 1588427
1588519 1588848
1589067 1589409
1589477 1589779
1589932 1590170
1590365 1590520
1590725 1591010
1591336 1591416
1591655 1591958
1592146 1592478
1592487 1592706
1593104 1593224
1593577 1593733
1593992 1594333
1594418 1594453
1594660 1594706
1594963 1595112
1595352 1595427
1595442 1595584
1595766 1595981
1596021 1596403
1596591 1596778
1596800 1596813
1597199 1597282
1597727 1597799
1597943 1598127
1598192 1598371
1598516 1598782
1598852 1598924
1599421 1599478
1599500 1599555
1599769 1599908
1600380 1600394
1600816 1600951
1601281 1601563
1601658 1601745
1601875 1602036
1602109 1602365
1602821 1603074
1603534 1603650
1603797 1603942
1603970 1604010
1604015 1604040
1604532 1604770
1605226 1605459
1605675 1605741
1605818 1606072
1606447 1606561
1607010 1607347
1607838 1607912
1608132 1608484
1608874 1609023
1609129 1609350
1609509 1609687
1609997 1610012
1610451 1610689
1610962 1611087
1611276 1611414
1611537 1611667
1611882 1612022
1612291 1612353
1612710 1612838
1613153 1613287
1613325 1613678
1614129 1614375
1614705 1614745
1615187 1615198
1615221 1615461
1615873 1615983
1616067 1616248
1616738 1617074
1617259 1617393
1617637 1617936
1617944 1618100
1618143 1618245
1618677 1618803
1619171 1619261
1619478 1619556
1619782 1620051
1620294 1620578
1620838 1621146
1621219 1621541
1621905 1622198
1622308 1622588
1623077 1623458
1623513 1623653
1623789 1624163
1624235 1624345
1624417 1624486
1624885 1624908
1625073 1625441
1625516 1625720
1625979 1625996
1626406 1626607
1627067 1627161
1627534 1627809
1628089 1628456
1628952 1629070
1629325 1629434
1629819 1630132
1630458 1630762
1631182 1631243
1631643 1631918
1632070 1632240
1632274 1632320
1632813 1632933
1633359 1633453
1633913 1634278
1634424 1634738
1634864 1635074
1635319 1635376
1635543 1635624
1635676 1635845
1636237 1636352
1636749 1637147
1637493 1637791
1638221 1638571
1638688 1638965
1639292 1639480
1639809 1639951
1640024 1640061
1640405 1640463
1640524 1640669
1640959 1641055
1641079 1641442
1641633 1641657
1641871 1642142
1642259 1642446
1642625 1642731
1642954 1642962
1643322 1643583
1643628 1644028
1644450 1644713
1644997 1645021
1645230 1645628
1645924 1646025
1646254 1646461
1646776 1646886
1646926 1647023
1647089 1647320
1647584 1647680
1647919 1648301
1648447 1648552
1648937 1649105
1649163 1649481
1649492 1649722
1649902 1650010
1650027 1650169
1650314 1650705
1651138 1651158
1651227 1651254
1651524 1651642
1651805 1652152
1652458 1652848
1653160 1653308
1653804 1654196
1654472 1654623
1654625 1654929
1655340 1655709
1655718 1655920
1656162 1656375
1656445 1656583
1657069 1657142
1657160 1657553
1657619 1657625
1657879 1658007
1658452 1658524
1658828 1659201
1659536 1659739
1659753 1659864
1659912 1660172
1660333 1660501
1660917 1661164
1661545 1661704
1661796 1662020
1662407 1662643
1662920 1663096
1663108 1663213
1663498 1663589
1663748 1663791
1663831 1664158
1664532 1664769
1665224 1665611
1665861 1666057
1666183 1666244
1666425 1666611
1667044 1667281
1667382 1667593
1667842 1668238
1668459 1668535
1669033 1669180
1669332 1669587
1669827 1669880
1670239 1670621
1670665 1670978
1671287 1671684
1672184 1672377
1672747 1672867
1673244 1673601
1674080 1674130
1674555 1674673
1674677 1674925
1675357 1675549
1675803 1676191
1676196 1676429
1676527 1676731
1676985 1677280
1677462 1677756
1678110 1678163
1678170 1678278
1678694 1679013
1679485 1679811
1679903 1680243
1680391 1680448
1680830 1680846
1681330 1681688
1681948 1682288
1682365 1682475
1682806 1682884
1683235 1683529
1683666 1683685
1683793 1684104
1684446 1684705
1684771 1684927
1685334 1685674
1686166 1686504
1686841 1686855
1687027 1687389
1687684 1688045
1688071 1688365
1688390 1688461
1688921 1689295
1689595 1689766
1690028 1690376
1690451 1690608
1690669 1690932
1691011 1691084
1691308 1691597
1691948 1692217
1692551 1692875
1693301 1693615
1694034 1694114
1694396 1694412
1694724 1694984
1695041 1695336
1695593 1695869
1696161 1696453
1696814 1697059
1697535 1697728
1697948 1698000
1698445 1698831
1698950 1699206
1699390 1699627
1700078 1700118
1700241 1700639
1701000 1701058
1701138 1701372
1701395 1701637
1701985 1702210
1702429 1702679
1703018 1703162
1703641 1703866
1704298 1704504
1704965 1704977
1705457 1705634
1705807 1705838
1705980 1706184
1706664 1707034
1707336 1707355
1707432 1707807
1707994 1708041
1708236 1708237
1708678 1708926
1709216 1709445
1709846 1709913
1710250 1710634
1710647 1710791
1710881 1710994
1711492 1711837
1711928 1712039
1712069 1712223
1712676 1712754
1713168 1713566
1713723 1713799
1714033 1714285
1714427 1714711
1714794 1714903
1715153 1715309
1715334 1715568
1715882 1716231
1716534 1716717
1716946 1717246
1717600 1717975
1718110 1718459
1718809 1719123
1719262 1719327
1719811 1720199
1720320 1720349
1720732 1720963
1721349 1721475
1721917 1722242
1722679 1722968
1723368 1723574
1724004 1724204
1724272 1724287
1724550 1724913
1725393 1725768
1726263 1726637
1726822 1727061
1727099 1727115
1727350 1727375
1727642 1727736
1728018 1728122
1728518 1728826
1729288 1729494
1729839 1729965
1730085 1730098
1730269 1730658
1730747 1730848
1731008 1731180
1731322 1731663
1732074 1732158
1732582 1732722
1732881 1733031
1733362 1733720
1734146 1734528
1734963 1735087
1735233 1735367
1735653 1735892
1736129 1736349
1736834 1736973
1737312 1737378
1737730 1737911
1738400 1738408
1738569 1738896
1739022 1739177
1739536 1739817
1739887 1740132
1740396 1740533
1740556 1740818
1740919 1740988
1741095 1741457
1741848 1741973
1742300 1742536
1742752 1742904
1743114 1743463
1743597 1743662
1743854 1744118
1744366 1744530
1744780 1744865
1745167 1745211
1745463 1745839
1746321 1746714
1747192 1747567
1747641 1747905
1748266 1748392
1748471 1748790
1749079 1749313
1749716 1749978
1750104 1750294
1750378 1750577
1750620 1750840
1750863 1751056
1751148 1751541
1751648 1751741
1752237 1752614
1752730 1753089
1753203 1753337
1753738 1753909
1754333 1754624
1754894 1755080
1755367 1755477
1755973 1756020
1756321 1756337
1756819 1756878
1757138 1757144
1757490 1757560
1757634 1757878
1758227 1758599
1758765 1759064
1759393 1759785
1759818 1759990
1760178 1760362
1760667 1761055
1761431 1761659
1761818 1761872
1761884 1762143
1762638 1762860
1762950 1763232
1763396 1763791
1763915 1763970
1764320 1764445
1764604 1764956
1765017 1765135
1765581 1765756
1765842 1766234
1766344 1766680
1766872 1767263
1767302 1767486
1767891 1768188
1768507 1768701
1768710 1768957
1769008 1769118
1769345 1769602
1769974 1770145
1770334 1770498
1770527 1770561
1770927 1771183
1771339 1771526
1771985 1772178
1772186 1772347
1772648 1772887
1773271 1773456
1773476 1773753
1773871 1773892
1774181 1774452
1774892 1775156
1775632 1775860
1775908 1776068
1776399 1776784
1776800 1776857
1776940 1777048
1777302 1777437
1777778 1777956
1778070 1778403
1778874 1779058
1779228 1779286
1779676 1780068
1780302 1780407
1780808 1780887
1781110 1781487
1781669 1781991
1782061 1782341
1782596 1782674
1783123 1783381
1783644 1783656
1783974 1784080
1784456 1784570
1784798 1785010
1785068 1785302
1785405 1785731
1786037 1786382
1786460 1786682
1786864 1787086
1787314 1787490
1787662 1787934
1788383 1788513
1788879 1789235
1789682 1790062
1790350 1790523
1790904 1791208
1791496 1791739
1792208 1792386
1792486 1792786
1793225 1793329
1793479 1793716
1794018 1794338
1794784 1794976
1795061 1795113
1795393 1795681
1796140 1796304
1796587 1796602
1796633 1796838
1797303 1797556
1797697 1798033
1798060 1798449
1798904 1799130
1799523 1799794
1800105 1800169
1800449 1800686
1800860 1801192
1801332 1801563
1801582 1801959
1802121 1802187
1802389 1802490
1802888 1803229
1803729 1804061
1804355 1804522
1804732 1805098
1805557 1805945
1806172 1806273
1806631 1806862
1806873 1807077
1807344 1807507
1807762 1807782
1808025 1808411
1808712 1808823
1809018 1809095
1809421 1809772
1809798 1809995
1810282 1810335
1810444 1810767
1810892 1811215
1811265 1811293
1811635 1811793
1812029 1812051
1812477 1812769
1812931 1813320
1813681 1813870
1813951 1814048
1814347 1814544
1814990 1815049
1815336 1815607
1816066 1816118
1816324 1816675
1816834 1817122
1817344 1817509
1817968 1818265
1818687 1818865
1819244 1819250
1819625 1819863
1819967 1820212
1820458 1820576
1821025 1821295
1821713 1821889
1822191 1822441
1822765 1823041
1823185 1823329
1823536 1823598
1823743 1824103
1824405 1824769
1824801 1825053
1825211 1825529
1825736 1826019
1826157 1826522
1826576 1826746
1827069 1827374
1827541 1827842
1828018 1828033
1828109 1828135
1828392 1828454
1828464 1828669
1828930 1829103
1829463 1829630
1829951 1830345
1830838 1831187
1831418 1831523
1831639 1831999
1832250 1832263
1832407 1832571
1832649 1833011
1833121 1833230
1833568 1833731
1833994 1833996
1834042 1834321
1834769 1835121
1835430 1835531
1835748 1835910
1836298 1836430
1836859 1837114
1837162 1837166
1837330 1837464
1837729 1838054
1838239 1838581
1839002 1839359
1839428 1839760
1839997 1840389
1840787 1840928
1841302 1841317
1841795 1842059
1842110 1842378
1842683 1843055
1843488 1843575
1843777 1843823
1844245 1844631
1844755 1844925
1844996 1845306
1845507 1845875
1845883 1846021
1846111 1846126
1846467 1846766
1846975 1847027
1847138 1847535
1847880 1848221
1848420 1848424
1848766 1849055
1849386 1849605
1850058 1850182
1850353 1850675
1850734 1850890
1851142 1851185
1851359 1851490
1851607 1851824
1852027 1852374
1852764 1853061
1853484 1853764
1853919 1854054
1854245 1854568
1854574 1854909
1854913 1855300
1855778 1855940
1856330 1856667
1857116 1857228
1857391 1857763
1858157 1858405
1858513 1858899
1858950 1859316
1859580 1859581
1859876 1859919
1860215 1860319
1860451 1860509
1860682 1860685
1861091 1861398
1861843 1861978
1862245 1862250
1862443 1862517
1862959 1863010
1863201 1863401
1863900 1864241
1864461 1864669
1864793 1865166
1865212 1865350
1865561 1865579
1865907 1866231
1866648 1866884
1867134 1867223
1867245 1867469
1867819 1868020
1868424 1868617
1869016 1869087
1869224 1869444
1869565 1869760
1869915 1870015
1870332 1870544
1870648 1871000
1871420 1871512
1871659 1871690
1872084 1872484
1872710 1872921
1873349 1873383
1873766 1874005
1874277 1874385
1874630 1874646
1874962 1875013
1875117 1875375
1875778 1876047
1876427 1876474
1876921 1877283
1877705 1878084
1878450 1878615
1878778 1878813
1878829 1879162
1879392 1879687
1880064 1880417
1880899 1880904
1881404 1881495
1881795 1881991
1882260 1882620
1882680 1882811
1883029 1883142
1883476 1883736
1884099 1884240
1884384 1884692
1884828 1885166
1885307 1885609
1886006 1886145
1886495 1886498
1886684 1887052
1887265 1887282
1887283 1887389
1887473 1887851
1888328 1888487
1888742 1889079
1889336 1889591
1889890 1890080
1890549 1890894
1891022 1891026
1891425 1891662
1892114 1892444
1892863 1893107
1893245 1893368
1893835 1894005
1894173 1894250
1894572 1894605
1894842 1894933
1895269 1895277
1895681 1895966
1896362 1896491
1896615 1896804
1896976 1897074
1897352 1897595
1897893 1897913
1898164 1898426
1898853 1898895
1898956 1899165
1899219 1899517
1899843 1899999
1900069 1900377
1900827 1900867
1900960 1901060
1901392 1901763
1901994 1902058
1902323 1902472
1902658 1903054
1903464 1903801
1903813 1903843
1904297 1904593
1904604 1904833
1904851 1905102
1905471 1905472
1905898 1906236
1906365 1906644
1907072 1907216
1907495 1907827
1908076 1908294
1908472 1908682
1908865 1909059
1909140 1909395
1909887 1909969
1910436 1910609
1910804 1911104
1911493 1911647
1912096 1912173
1912353 1912520
1912585 1912940
1913294 1913343
1913581 1913756
1913914 1914140
1914164 1914225
1914413 1914474
1914883 1914917
1914985 1915177
1915590 1915981
1916083 1916426
1916523 1916563
1916583 1916734
1917028 1917156
1917226 1917439
1917751 1918003
1918290 1918471
1918479 1918540
1918870 1918979
1919040 1919325
1919576 1919635
1919845 1919894
1920018 1920230
1920362 1920402
1920780 1921089
1921546 1921725
1921759 1922093
1922576 1922608
1922974 1923291
1923456 1923734
1923936 1924013
1924232 1924354
1924467 1924486
1924538 1924654
1924744 1925007
1925295 1925470
1925533 1925835
1926164 1926354
1926684 1926993
1927307 1927658
1927845 1927866
1927959 1928095
1928408 1928479
1928841 1928959
1929103 1929236
1929356 1929465
1929546 1929785
1930275 1930351
1930515 1930567
1931056 1931330
1931444 1931745
1931778 1932177
1932492 1932689
1933118 1933456
1933882 1934114
1934348 1934686
1935040 1935186
1935302 1935447
1935505 1935650
1935929 1936044
1936069 1936152
1936373 1936534
1937028 1937108
1937331 1937369
1937727 1937986
1938267 1938428
1938496 1938840
1939022 1939029
1939038 1939085
1939575 1939595
1939607 1939755
1939899 1940281
1940670 1940834
1941100 1941132
1941507 1941534
1941930 1942222
1942536 1942786
1943223 1943356
1943720 1943860
1944340 1944573
1944795 1945181
1945226 1945232
1945590 1945865
1946011 1946341
1946613 1946800
1946962 1947129
1947613 1947741
1948115 1948124
1948227 1948524
1948657 1948765
1949226 1949482
1949863 1949961
1950277 1950348
1950717 1950721
1951041 1951159
1951530 1951538
1951608 1952004
1952433 1952732
1952901 1953045
1953468 1953667
1953844 1953847
1954143 1954440
1954753 1954783
1955176 1955325
1955392 1955456
1955859 1955872
1955940 1956221
1956330 1956553
1956866 1956998
1957059 1957384
1957486 1957771
1958123 1958367
1958566 1958633
1958816 1959181
1959468 1959498
1959932 1960001
1960217 1960225
1960304 1960544
1960895 1961119
1961462 1961787
1962113 1962324
1962432 1962701
1963200 1963218
1963251 1963291
1963644 1963699
1963741 1963760
1963994 1964289
1964608 1964668
1964709 1964917
1964988 1965018
1965219 1965448
1965699 1965730
1965825 1965878
1966051 1966301
1966766 1966827
1967095 1967214
1967253 1967634
1968114 1968150
1968629 1969021
1969243 1969437
1969750 1969928
1970270 1970462
1970852 1970993
1971110 1971119
1971494 1971766
1972254 1972573
1972815 1973178
1973324 1973364
1973544 1973584
1973678 1973753
1973893 1974154
1974404 1974778
1974834 1974844
1975094 1975245
1975609 1975670
1975759 1975875
1975998 1976007
1976102 1976107
1976526 1976909
1976929 1976938
1977420 1977679
1978148 1978291
1978780 1979113
1979362 1979619
1979903 1980136
1980555 1980895
1981191 1981342
1981599 1981893
1981997 1982117
1982267 1982655
1982707 1982922
1983360 1983580
1983715 1984005
1984259 1984646
1985094 1985469
1985471 1985578
1986027 1986117
1986320 1986636
1986735 1987089
1987248 1987456
1987764 1988104
1988457 1988852
1989078 1989183
1989305 1989694
1990182 1990362
1990426 1990616
1990758 1991071
1991475 1991481
1991568 1991582
1991588 1991975
1992110 1992156
1992529 1992697
1993057 1993279
1993620 1993877
1994323 1994459
1994489 1994544
1994612 1994723
1995064 1995167
1995647 1995652
1995752 1996028
1996274 1996535
1996661 1996669
1997108 1997238
1997677 1997880
1998003 1998286
1998621 1998817
1999038 1999179
1999200 1999452
1999912 2000189
2000660 2000693
2000803 2001092
2001502 2001579
2001873 2001997
2002048 2002115
2002433 2002806
2002893 2003069
2003187 2003433
2003761 2004147
2004549 2004884
2004978 2005285
2005422 2005437
2005580 2005754
2005857 2006077
2006121 2006430
2006476 2006757
2006841 2007237
2007580 2007628
2007760 2008097
2008296 2008363
2008854 2009137
2009593 2009848
2010107 2010363
2010421 2010789
2011245 2011601
2011936 2012239
2012445 2012512
2012674 2012728
2012822 2013007
2013418 2013568
2013906 2014231
2014448 2014662
2015025 2015053
2015413 2015661
2016123 2016382
2016685 2017068
2017128 2017366
2017742 2017851
2018308 2018416
2018829 2019016
2019260 2019354
2019698 2019775
2019795 2020058
2020556 2020819
2021081 2021090
2021465 2021689
2021795 2022064
2022554 2022655
2022984 2023371
2023516 2023905
2024195 2024208
2024661 2024885
2024891 2025286
2025722 2026061
2026372 2026551
2026987 2027291
2027422 2027809
2027903 2028186
2028306 2028593
2029069 2029072
2029558 2029585
2029663 2029752
2029850 2030038
2030121 2030279
2030332 2030364
2030645 2030994
2031199 2031373
2031484 2031670
2032153 2032256
2032730 2033113
2033298 2033646
2033857 2033900
2033956 2034236
2034693 2034822
2035220 2035620
2035956 2036320
2036448 2036489
2036714 2037022
2037209 2037212
2037670 2037761
2038043 2038301
2038481 2038707
2038964 2039304
2039624 2039882
2039933 2040296
2040473 2040527
2040809 2041049
2041072 2041445
2041641 2041680
2042038 2042050
2042102 2042230
2042646 2042818
2043316 2043340
2043342 2043445
2043715 2043744
2044141 2044203
2044449 2044490
2044722 2045072
2045282 2045471
2045611 2045681
2046077 2046132
2046392 2046695
2047124 2047171
2047621 2047688
2047931 2048194
2048532 2048775
2049101 2049197
2049237 2049525
2049536 2049593
2049947 2050135
2050488 2050635
2051097 2051148
2051545 2051809
2052106 2052196
2052260 2052437
2052833 2053085
2053480 2053597
2053676 2053961
2054391 2054773
2054882 2055133
2055552 2055594
2056068 2056233
2056382 2056737
2057130 2057343
2057633 2057792
2057832 2058132
2058189 2058330
2058672 2058924
2059136 2059183
2059449 2059633
2059725 2059966
2060194 2060484
2060614 2060648
2060832 2060856
2060869 2061199
2061263 2061582
2061761 2061872
2061982 2062185
2062412 2062618
2063072 2063116
2063487 2063612
2063614 2063727
2063789 2064031
2064159 2064528
2064838 2065217
2065274 2065435
2065603 2065808
2066118 2066258
2066434 2066534
2066933 2066952
2067437 2067577
2067862 2068022
2068406 2068682
2068797 2068892
2069102 2069468
2069771 2069974
2070150 2070361
2070589 2070798
2070861 2070879
2071325 2071611
2071830 2072200
2072461 2072510
2072576 2072906
2073265 2073347
2073414 2073547
2073906 2074127
2074548 2074902
2075301 2075478
2075835 2075982
2076260 2076527
2076620 2076990
2077000 2077139
2077531 2077759
2078212 2078380
2078571 2078706
2078830 2078848
2078875 2078881
2079016 2079216
2079381 2079622
2079625 2079807
2080176 2080361
2080544 2080684
2080924 2081223
2081557 2081659
2081946 2082323
2082568 2082780
2082895 2082986
2083292 2083561
2083817 2083910
2084111 2084160
2084515 2084657
2084659 2084857
2085093 2085350
2085511 2085821
2085967 2086365
2086865 2086944
2087438 2087743
2087952 2088017
2088399 2088595
2088671 2088813
2089171 2089437
2089620 2089636
2089669 2090049
2090146 2090329
2090612 2091005
2091355 2091635
2091963 2092220
2092503 2092739
2093163 2093364
2093854 2094162
2094586 2094651
2094737 2094750
2094842 2094979
2095394 2095726
2095949 2096106
2096461 2096529
2096751 2096753
2097219 2097360
2097608 2097804
2098115 2098291
2098617 2098886
2098996 2099300
2099798 2100080
2100298 2100470
2100863 2100991
2101039 2101313
2101440 2101683
2101951 2102257
2102515 2102715
2103062 2103343
2103596 2103643
2104058 2104176
2104599 2104709
2104855 2104939
2105201 2105342
2105428 2105772
2106159 2106285
2106735 2106927
2107377 2107679
2107867 2108143
2108581 2108767
2109094 2109156
2109233 2109555
2110027 2110287
2110352 2110739
2111030 2111175
2111443 2111483
2111773 2111983
2112017 2112326
2112643 2112768
2112910 2113203
2113523 2113608
2113761 2113953
2114007 2114295
2114672 2114931
2115236 2115238
2115323 2115449
2115576 2115899
2116311 2116496
2116530 2116582
2116671 2116724
2116742 2117138
2117320 2117626
2118051 2118299
2118640 2118661
2119114 2119432
2119791 2119868
2119948 2120238
2120458 2120476
2120510 2120766
2120883 2120914
2120931 2120937
2121040 2121343
2121674 2121761
2122190 2122499
2122810 2122873
2123210 2123605
2123839 2123966
2124198 2124581
2125070 2125153
2125169 2125556
2125893 2126263
2126600 2126786
2127048 2127425
2127716 2127988
2128117 2128471
2128728 2128741
2128890 2129216
2129424 2129650
2129767 2129770
2130001 2130129
2130191 2130521
2130553 2130754
2130804 2130966
2131154 2131230
2131357 2131595
2131876 2132226
2132351 2132703
2133107 2133327
2133597 2133685
2134051 2134337
2134507 2134595
2135003 2135213
2135456 2135753
2136034 2136376
2136505 2136779
2137189 2137368
2137776 2137859
2137980 2138067
2138315 2138560
2138816 2139190
2139655 2139865
2140063 2140425
2140704 2140984
2141064 2141101
2141569 2141956
2142264 2142501
2142600 2142889
2143033 2143359
2143608 2143904
2144346 2144485
2144618 2144956
2145131 2145521
2145632 2145884
2146224 2146321
2146395 2146699
2147173 2147529
2147871 2147954
2148193 2148561
2148948 2148990
2149257 2149592
2149817 2150077
2150141 2150384
2150878 2151093
2151497 2151703
2152110 2152469
2152836 2153232
2153448 2153825
2153867 2154111
2154423 2154608
2154813 2154842
2154940 2155209
2155284 2155560
2155652 2155911
2156105 2156354
2156635 2156780
2156806 2157204
2157402 2157623
2158029 2158144
2158459 2158671
2159093 2159358
2159376 2159560
2160031 2160205
2160470 2160573
2160617 2160748
2161049 2161195
2161576 2161764
2162043 2162301
2162620 2162869
2162871 2162921
2163014 2163202
2163232 2163484
2163873 2164008
2164466 2164549
2164750 2165030
2165252 2165548
2165584 2165937
2165984 2166164
2166563 2166868
2167359 2167368
2167533 2167594
2167771 2168139
2168277 2168383
2168715 2169103
2169265 2169446
2169628 2170005
2170416 2170472
2170770 2170812
2170980 2171004
2171081 2171365
2171649 2172032
2172094 2172395
2172825 2173188
2173332 2173494
2173811 2173832
2173843 2174101
2174574 2174919
2175352 2175740
2175754 2175986
2176404 2176782
2176785 2176832
2176887 2177058
2177203 2177259
2177387 2177521
2177576 2177843
2178253 2178582
2179034 2179414
2179757 2179900
2180110 2180298
2180388 2180513
2180798 2180952
2181122 2181250
2181540 2181753
2182070 2182432
2182658 2182660
2182859 2183259
2183597 2183916
2183998 2184360
2184543 2184718
2184815 2185205
2185597 2185873
2186143 2186185
2186683 2186915
2186993 2187003
2187397 2187658
2187775 2188023
2188073 2188094
2188137 2188524
2188644 2189020
2189513 2189586
2189896 2190221
2190649 2190726
2190836 2191065
2191484 2191582
2191811 2192007
2192321 2192674
2193055 2193366
2193542 2193601
2193814 2194001
2194066 2194424
2194746 2195007
2195440 2195821
2196067 2196073
2196386 2196418
2196549 2196842
2197293 2197493
2197785 2198143
2198218 2198240
2198491 2198618
2199043 2199273
2199316 2199480
2199772 2200070
2200449 2200494
2200899 2201226
2201389 2201665
2201913 2202216
2202400 2202697
2203055 2203294
2203487 2203558
2203736 2203858
2203921 2204289
2204640 2204834
2204959 2205146
2205371 2205637
2205747 2206077
2206526 2206652
2207053 2207431
2207829 2208127
2208559 2208878
2209295 2209423
2209542 2209866
2210177 2210559
2210724 2210972
2211388 2211704
2212165 2212288
2212413 2212506
2212604 2212814
2212930 2213069
2213083 2213168
2213564 2213797
2214287 2214438
2214860 2215156
2215199 2215471
2215614 2215892
2216012 2216190
2216664 2216987
2217465 2217850
2218140 2218189
2218300 2218530
2218721 2218827
2219021 2219360
2219602 2219734
2219824 2219872
2220173 2220240
2220380 2220525
2220576 2220966
2220971 2221134
2221210 2221585
2221982 2222235
2222505 2222566
2223049 2223349
2223789 2224013
2224315 2224564
2224576 2224601
2224915 2225189
2225321 2225476
2225923 2225992
2226193 2226357
2226560 2226779
2226945 2227268
2227674 2227781
2227913 2228139
2228406 2228724
2229006 2229351
2229532 2229757
2229767 2230090
2230520 2230605
2230664 2230728
2230848 2231005
2231065 2231142
2231228 2231449
2231630 2231951
2232154 2232486
2232537 2232913
2233384 2233520
2233892 2234184
2234556 2234873
2235062 2235191
2235291 2235400
2235651 2236047
2236366 2236401
2236625 2236983
2237446 2237486
2237977 2238230
2238350 2238531
2238705 2239078
2239426 2239464
2239910 2240030
2240530 2240892
2240919 2241253
2241475 2241656
2241657 2241839
2242208 2242291
2242313 2242442
2242750 2242935
2243165 2243429
2243476 2243707
2243738 2243745
2244052 2244443
2244685 2244704
2244963 2245224
2245336 2245366
2245413 2245546
2245678 2245836
2246140 2246339
2246346 2246558
2246997 2247375
2247384 2247754
2247931 2248253
2248634 2248647
2248675 2248747
2248905 2249176
2249591 2249857
2250023 2250196
2250433 2250744
2250997 2251376
2251530 2251917
2251958 2251974
2252039 2252282
2252740 2252787
2252978 2253373
2253869 2254003
2254185 2254443
2254942 2255172
2255492 2255536
2255993 2256282
2256551 2256875
2257362 2257637
2257710 2257994
2258267 2258663
2258771 2258882
2258936 2259168
2259303 2259603
2259676 2259896
2260044 2260139
2260265 2260577
2260913 2261277
2261533 2261716
2262039 2262057
2262381 2262718
2262887 2262954
2263377 2263611
2263893 2263921
2263971 2264013
2264389 2264614
2264721 2264799
2264923 2265164
2265663 2265694
2265852 2266086
