395 420
476 564
1013 1053
1181 1257
1524 1584
1598 1663
2058 2143
2312 2411
2685 2742
2964 3032
3393 3454
3548 3593
3607 3657
3858 3926
3992 4084
4189 4286
4728 4730
4928 4977
5409 5502
5950 5992
6405 6431
6833 6909
7377 7396
7657 7717
8097 8159
8633 8681
9033 9052
9550 9580
9918 9924
10051 10149
10537 10588
10742 10829
11055 11115
11142 11239
11462 11544
12006 12020
12326 12348
12775 12859
13291 13338
13807 13904
14241 14266
14703 14795
14905 14958
15408 15498
15662 15684
16119 16137
16550 16595
16806 16866
17294 17348
17768 17817
17870 17903
18165 18261
18725 18756
19004 19008
19029 19106
19429 19476
19619 19711
19970 20037
20163 20261
20470 20473
20569 20605
20642 20715
21016 21116
21223 21255
21489 21549
21790 21842
22332 22369
22820 22825
23052 23128
23493 23507
23691 23782
23784 23864
23954 24002
24472 24571
24598 24641
24667 24758
24942 24953
25200 25214
25298 25344
25771 25773
26011 26105
26264 26267
26690 26706
26834 26884
26985 26996
27078 27141
27367 27419
27681 27778
28228 28256
28570 28646
28994 29070
29191 29223
29686 29707
29731 29754
29847 29900
30205 30238
30240 30258
30650 30700
30895 30922
30975 31048
31281 31289
31720 31740
31744 31801
32085 32131
32263 32319
32484 32511
32608 32655
33023 33029
33099 33189
33639 33732
34169 34184
34193 34245
34567 34640
34925 34940
35371 35401
35743 35782
35860 35895
35966 36009
36135 36158
36372 36431
36517 36596
36615 36640
36669 36736
36950 37040
37429 37504
37811 37830
38215 38278
38304 38360
38641 38683
38834 38885
39162 39169
39290 39297
39617 39698
39788 39816
40163 40164
40559 40573
40840 40878
41147 41205
41291 41391
41665 41679
41772 41773
42121 42128
42521 42566
42917 42952
43123 43133
43550 43552
43829 43838
43863 43931
44297 44376
44630 44699
44990 45015
45050 45139
45363 45414
45485 45509
45601 45673
45883 45935
46098 46186
46225 46267
46575 46659
47073 47079
47186 47208
47573 47629
48061 48152
48171 48208
48355 48356
48444 48476
48816 48829
49055 49122
49554 49563
49948 50028
50252 50326
50547 50568
50602 50649
50671 50758
51153 51221
51697 51745
51882 51947
52378 52395
52599 52611
53040 53110
53235 53267
53376 53446
53783 53818
54073 54107
54548 54625
54846 54896
55149 55241
55495 55556
55667 55700
55885 55962
56336 56383
56422 56483
56882 56944
57251 57317
57579 57671
57780 57808
58211 58239
58684 58756
59110 59173
59393 59463
59805 59826
60253 60296
60324 60357
60855 60863
60937 61006
61015 61037
61430 61456
61927 62003
62094 62151
62569 62571
62801 62803
63255 63343
63791 63881
64073 64162
64301 64393
64699 64779
65255 65348
65645 65671
65957 66036
66362 66423
66754 66768
66932 66934
67103 67187
67220 67260
67329 67400
67722 67748
68189 68201
68453 68507
68962 68965
69388 69416
69555 69569
69774 69828
70069 70144
70151 70216
70414 70432
70928 70981
71257 71292
71540 71580
72003 72073
72515 72520
72697 72785
72971 72986
73163 73167
73549 73551
73596 73623
73861 73933
74406 74465
74755 74809
75147 75164
75255 75351
75371 75396
75700 75788
76272 76274
76602 76680
76699 76776
77039 77040
77075 77172
77472 77517
77737 77741
78141 78174
78198 78256
78361 78444
78826 78867
79288 79328
79820 79841
79983 80059
80108 80112
80131 80205
80306 80379
80866 80898
81288 81382
81563 81616
82052 82081
82333 82357
82714 82761
83163 83198
83312 83324
83516 83527
83540 83612
83757 83782
83828 83924
84132 84166
84591 84675
85068 85095
85369 85404
85819 85842
86299 86355
86802 86855
86959 87008
87491 87572
87784 87833
88296 88376
88793 88876
89096 89119
89387 89482
89554 89568
89836 89917
90291 90344
90747 90828
91057 91070
91372 91413
91822 91859
91995 92083
92522 92547
92551 92645
92646 92693
93103 93146
93369 93441
93442 93489
93673 93710
93954 94008
94164 94198
94200 94240
94611 94651
94815 94866
95352 95451
95846 95941
95979 95985
96093 96193
96316 96317
96762 96798
96909 96930
97085 97184
97305 97359
97614 97708
98176 98208
98489 98559
98572 98621
98755 98817
99280 99354
99842 99910
100270 100291
100520 100605
100614 100644
101139 101145
101290 101355
101841 101918
102150 102216
102322 102364
102518 102549
102791 102863
103219 103262
103747 103823
104003 104096
104311 104331
104759 104840
105044 105062
105475 105544
105601 105689
105835 105919
106395 106414
106643 106726
107185 107265
107437 107447
107559 107628
107975 107982
108383 108470
108633 108713
108974 109000
109084 109176
109385 109387
109440 109473
109937 110017
110211 110220
110543 110600
110906 110987
111246 111266
111650 111709
111801 111803
112122 112183
112345 112443
112801 112898
113260 113277
113551 113619
114009 114029
114158 114184
114268 114351
114560 114596
114709 114779
115268 115306
115626 115653
115830 115904
116054 116112
116448 116539
116975 117073
117249 117328
117716 117749
117883 117956
118265 118280
118426 118486
118787 118809
119182 119192
119481 119564
119655 119731
120107 120176
120461 120495
120991 121007
121280 121377
121755 121768
122238 122275
122662 122760
123246 123273
123570 123599
123609 123667
124143 124169
124275 124285
124335 124415
124449 124460
124684 124715
125036 125055
125192 125278
125480 125507
125711 125775
126123 126149
126183 126211
126666 126682
126803 126852
127056 127140
127304 127357
127535 127553
127889 127978
128104 128193
128676 128756
129018 129091
129236 129327
129436 129457
129589 129619
129898 129938
130297 130362
130862 130887
131210 131217
131687 131753
131977 132055
132488 132543
132969 132980
133173 133202
133518 133595
133973 134028
134366 134399
134873 134925
134949 134975
135456 135508
135555 135565
135977 136058
136327 136376
136447 136512
136924 136995
137133 137180
137483 137525
137873 137935
137964 138033
138142 138187
138432 138494
138891 138940
139335 139422
139607 139669
139780 139821
140227 140242
140542 140560
140727 140772
140782 140789
141113 141142
141214 141231
141659 141739
142163 142241
142480 142541
142758 142839
143138 143149
143354 143436
143816 143882
144111 144166
144427 144471
144914 144941
145383 145418
145683 145764
146159 146181
146268 146357
146517 146530
146611 146701
147133 147174
147473 147498
147919 147952
148159 148220
148307 148357
148560 148600
148708 148746
148878 148944
149199 149218
149372 149427
149555 149587
150019 150064
150294 150299
150305 150400
150860 150877
150901 150964
151111 151148
151589 151689
151796 151859
152060 152102
152226 152284
152742 152828
153296 153309
153773 153844
154294 154345
154502 154587
154945 154980
155476 155520
155646 155694
155741 155805
155901 155995
156148 156248
156359 156453
156462 156473
156850 156906
157404 157450
157868 157962
158339 158412
158904 158944
159077 159100
159340 159403
159552 159611
159948 160010
160060 160097
160511 160557
160870 160930
161356 161393
161592 161671
161783 161822
162186 162188
162420 162500
162852 162938
163200 163279
163352 163380
163414 163493
163657 163750
164053 164138
164481 164525
164535 164537
164932 164989
165038 165088
165306 165380
165465 165521
165753 165805
166135 166202
166256 166258
166615 166682
167102 167147
167173 167263
167518 167559
168013 168034
168175 168260
168603 168630
168724 168769
168964 168991
169121 169209
169455 169549
170025 170029
170237 170295
170558 170651
170920 171019
171049 171096
171227 171264
171426 171449
171479 171486
171585 171650
171999 172099
172541 172564
172909 172934
172976 173069
173213 173215
173352 173421
173654 173721
174006 174067
174404 174421
174560 174572
174680 174723
174992 175014
175440 175536
175670 175759
175916 176013
176027 176061
176337 176340
176448 176531
176850 176905
177040 177107
177528 177616
177726 177793
178287 178296
178556 178653
178739 178824
178886 178916
179393 179448
179626 179655
179993 180042
180241 180278
180649 180748
181011 181050
181366 181461
181675 181727
181897 181914
182385 182418
182907 182981
183074 183112
183534 183565
183697 183797
183834 183848
183960 183973
184258 184325
184399 184458
184921 184965
185254 185318
185570 185666
185964 185966
186335 186390
186440 186480
186718 186722
186755 186779
186875 186930
187297 187385
187751 187780
187831 187882
187907 187957
188407 188437
188598 188674
189030 189097
189550 189611
189612 189685
190131 190211
190592 190636
190871 190874
190986 191046
191447 191465
191662 191709
191769 191840
192028 192086
192208 192223
192239 192305
192575 192667
192909 192929
192950 193017
193449 193454
193514 193547
193976 194030
194446 194507
194978 195029
195431 195470
195676 195773
196265 196321
196339 196421
196426 196460
196502 196565
196851 196874
196893 196912
197070 197104
197451 197487
197597 197661
197960 198031
198291 198324
198576 198675
198685 198726
198764 198803
199109 199204
199538 199540
199941 199946
199977 200010
200195 200208
200344 200378
200599 200647
200825 200837
201069 201168
201510 201572
201833 201868
201894 201942
201964 202052
202415 202451
202636 202648
202686 202744
202843 202927
202989 203032
203079 203081
203217 203316
203574 203613
203810 203877
204218 204220
204598 204646
204923 204948
205116 205121
205499 205513
205918 206000
206251 206280
206493 206516
206794 206852
207122 207211
207545 207611
207712 207760
208070 208143
208276 208307
208790 208884
209373 209387
209792 209866
210180 210268
210724 210745
210974 211028
211355 211370
211391 211461
211526 211615
211692 211757
212123 212158
212557 212584
212989 213043
213229 213291
213380 213478
213726 213817
213872 213944
213987 214017
214120 214160
214425 214444
214861 214892
215342 215434
215906 215991
216082 216150
216560 216643
216956 217030
217409 217418
217474 217482
217915 217928
217989 218032
218289 218302
218595 218650
219131 219227
219564 219580
219602 219647
219775 219818
219944 219996
220000 220042
220148 220229
220262 220294
220673 220677
221173 221211
221669 221746
221749 221826
221958 221969
222075 222148
222324 222414
222546 222627
223003 223033
223376 223454
223498 223521
223735 223787
224046 224110
224318 224374
224429 224469
224759 224859
225122 225188
225535 225594
226080 226087
226235 226316
226507 226512
226886 226955
227273 227310
227652 227708
228116 228152
228541 228575
228817 228821
228828 228860
229307 229357
229673 229721
229722 229740
230177 230220
230378 230400
230657 230735
230786 230819
231105 231202
231537 231619
231911 232002
232269 232309
232594 232640
232810 232812
232836 232860
232939 232987
233241 233284
233626 233725
234091 234114
234295 234329
234438 234443
234611 234661
234679 234759
234927 234968
235461 235474
235717 235760
235795 235874
236193 236290
236629 236657
236942 237019
237292 237294
237458 237549
237620 237662
237943 237953
238192 238285
238410 238433
238552 238574
238582 238617
238722 238817
239023 239055
239058 239096
239104 239124
239552 239613
239659 239750
239926 239960
240232 240298
240735 240809
240911 241004
241008 241013
241116 241124
241549 241634
242118 242209
242615 242704
242874 242957
243339 243401
243855 243955
244037 244125
244352 244405
244700 244701
244891 244987
245139 245236
245273 245351
245797 245865
246154 246231
246253 246301
246446 246465
246627 246662
246957 246989
247241 247303
247451 247545
247679 247775
248033 248079
248106 248175
248637 248721
248927 249023
249079 249129
249324 249368
249720 249741
250138 250187
250267 250345
250507 250602
250641 250676
250784 250802
250887 250899
251067 251096
251340 251390
251762 251796
251826 251871
251987 252021
252166 252241
252324 252416
252802 252876
253183 253252
253294 253383
253734 253829
254257 254351
254667 254686
255152 255207
255392 255418
255893 255919
256277 256377
256707 256740
256820 256903
257399 257492
257809 257845
258276 258363
258790 258857
258949 258954
259414 259465
259531 259539
259781 259854
259969 260066
260444 260530
260813 260889
261324 261389
261502 261512
261856 261866
261950 261953
262106 262150
262502 262527
262974 262983
263092 263189
263549 263567
263884 263890
263932 263989
264060 264094
264296 264329
264720 264798
265075 265136
265540 265549
265846 265860
266128 266184
266297 266395
266641 266717
266794 266819
266885 266941
267385 267470
267969 268060
268160 268224
268610 268672
268675 268754
269091 269171
269318 269411
269658 269731
269800 269900
270121 270163
270437 270497
270681 270763
270912 270919
271051 271125
271311 271329
271613 271648
271796 271856
272118 272169
272634 272718
273124 273151
273186 273215
273232 273263
273595 273694
273745 273827
274037 274083
274277 274371
274496 274585
275005 275041
275289 275375
275703 275801
276277 276284
276700 276774
276869 276900
277356 277432
277667 277696
278038 278093
278094 278131
278623 278676
278678 278709
278745 278748
278990 279037
279201 279268
279484 279512
279973 279995
280153 280203
280639 280688
281070 281099
281262 281330
281340 281384
281795 281889
281985 281998
282063 282134
282141 282221
282681 282770
283115 283186
283487 283515
283670 283751
283866 283875
283997 284046
284480 284525
284757 284853
285042 285088
285482 285578
285975 286035
286470 286534
286811 286893
287325 287387
287474 287562
287677 287767
288031 288051
288371 288457
288805 288892
289147 289232
289369 289450
289818 289878
290207 290303
290451 290490
290986 290993
291047 291106
291298 291359
291553 291649
291953 292002
292431 292481
292827 292909
292922 292931
293371 293388
293574 293633
293872 293898
294112 294204
294405 294428
294692 294754
295194 295276
295601 295677
295838 295847
296154 296218
296352 296431
296707 296753
296889 296903
297109 297117
297190 297289
297660 297664
298109 298195
298213 298254
298629 298685
299149 299183
299476 299528
299636 299649
300016 300051
300114 300192
300364 300388
300525 300564
300871 300922
301095 301152
301358 301377
301854 301908
302143 302191
302593 302641
302871 302929
303377 303402
303789 303800
303859 303954
304087 304184
304590 304681
304777 304827
304908 304935
305372 305387
305478 305481
305609 305638
305999 306070
306383 306456
306465 306504
306910 306945
307433 307449
307595 307632
307888 307963
308364 308421
308522 308579
308887 308958
309092 309144
309565 309592
310003 310070
310521 310540
310914 310941
310967 311001
311318 311391
311441 311472
311610 311699
311866 311939
312405 312410
312666 312754
312883 312944
313010 313083
313301 313332
313554 313650
313690 313781
313933 313962
313975 314056
314143 314155
314443 314466
314668 314740
315033 315050
315508 315556
316028 316088
316532 316617
316762 316836
317104 317131
317351 317401
317684 317723
317778 317835
318103 318174
318220 318270
318630 318657
318824 318872
319046 319060
319391 319410
319660 319677
319860 319945
320311 320344
320708 320726
321158 321250
321363 321387
321452 321470
321650 321740
322174 322197
322384 322409
322780 322816
323204 323273
323503 323582
323768 323868
324187 324223
324569 324601
324915 324964
325368 325443
325522 325561
325606 325664
325754 325818
326307 326363
326776 326830
326923 326976
327335 327429
327484 327572
327587 327661
327909 328008
328202 328244
328405 328456
328661 328744
329172 329224
329260 329332
329740 329836
330142 330148
330183 330264
330323 330348
330634 330665
330833 330922
331133 331142
331320 331346
331709 331783
331801 331872
331982 331990
332151 332208
332645 332652
333094 333118
333213 333221
333609 333698
333913 333979
333984 334014
334073 334160
334578 334605
334690 334789
335004 335015
335040 335078
335203 335243
335733 335803
335958 336044
336284 336294
336387 336441
336497 336565
336835 336863
337050 337095
337112 337212
337647 337716
338097 338119
338520 338591
338994 339005
339062 339068
339187 339249
339736 339832
340257 340294
340690 340785
340873 340913
340923 340953
341089 341166
341243 341259
341504 341545
341983 342019
342118 342194
342438 342530
342678 342712
343087 343097
343594 343641
343835 343836
344029 344046
344061 344092
344117 344126
344247 344339
344439 344518
344699 344744
344825 344852
345191 345289
345750 345775
346142 346171
346584 346629
347011 347061
347211 347239
347246 347260
347445 347545
347953 348022
348509 348518
348735 348747
348911 348935
349192 349262
349600 349620
349892 349917
350248 350334
350731 350789
351121 351161
351620 351686
352012 352102
352388 352398
352576 352634
352979 352984
353159 353249
353650 353733
354040 354115
354413 354513
354740 354758
354988 355020
355305 355346
355631 355695
355871 355949
356153 356221
356583 356610
356613 356672
356849 356895
357161 357222
357227 357232
357405 357460
357850 357898
358257 358347
358559 358629
358879 358910
359005 359013
359449 359485
359514 359610
359756 359813
359934 359947
360445 360479
360907 360912
361308 361332
361790 361851
362176 362266
362695 362738
363021 363026
363308 363391
363419 363423
363461 363499
363698 363773
364221 364228
364472 364518
364578 364587
365082 365131
365497 365553
365567 365609
365757 365815
365989 366035
366109 366154
366522 366549
367011 367023
367096 367165
367444 367527
367573 367639
367986 368029
368518 368609
369037 369068
369143 369157
369473 369557
369845 369860
370265 370302
370622 370663
370864 370931
371026 371116
371608 371671
371838 371921
372215 372286
372493 372539
372659 372722
372776 372872
373195 373263
373749 373759
374118 374192
374624 374646
374752 374801
375007 375028
375482 375556
375980 376015
376254 376311
376727 376746
376998 377049
377108 377144
377263 377302
377454 377471
377794 377807
378285 378341
378435 378448
378911 378919
379017 379103
379437 379514
379844 379849
380330 380422
380598 380686
381111 381181
381510 381545
382038 382039
382346 382370
382647 382735
382971 382995
383126 383186
383515 383610
383818 383819
384205 384219
384543 384569
384610 384680
384900 384909
385005 385022
385366 385417
385506 385529
385550 385582
385909 385926
386226 386317
386642 386724
386798 386876
387103 387121
387309 387323
387516 387560
387987 387991
388079 388116
388305 388325
388482 388567
388945 388984
389383 389406
389828 389919
389943 390001
390221 390310
390764 390841
391029 391075
391421 391485
391839 391853
392206 392238
392698 392720
392948 392977
393061 393099
393435 393469
393747 393830
394143 394185
394310 394373
394867 394964
395056 395136
395564 395577
395744 395747
396069 396136
396158 396235
396312 396392
396677 396720
396777 396858
397341 397386
397731 397786
398051 398103
398381 398442
398715 398724
399195 399283
399766 399841
400241 400326
400680 400709
400991 400992
401311 401364
401696 401787
402102 402121
402430 402527
402613 402660
402953 403032
403321 403347
403348 403402
403442 403472
403944 403987
404439 404464
404954 404965
405442 405522
405802 405869
405888 405943
406407 406424
406645 406668
406794 406874
406913 406944
406959 407047
407446 407488
407842 407895
408092 408148
408429 408474
408839 408842
409225 409260
409268 409325
409534 409566
409772 409787
410268 410303
410309 410326
410613 410619
410907 410995
411137 411142
411202 411274
411352 411426
411564 411639
412113 412120
412602 412656
412982 413003
413004 413104
413318 413343
413815 413854
414055 414066
414456 414465
414481 414538
414896 414903
415359 415443
415820 415888
415997 416097
416252 416255
416466 416488
416681 416709
416766 416864
417087 417097
417147 417167
417232 417234
417660 417754
417961 417978
418301 418316
418751 418788
419003 419039
419436 419507
419539 419631
419886 419986
420431 420460
420868 420938
421062 421075
421574 421623
422021 422110
422469 422504
422911 422992
423051 423128
423515 423557
423962 424006
424376 424463
424744 424807
425189 425193
425503 425525
425711 425796
425898 425983
426053 426067
426116 426186
426243 426269
426272 426296
426749 426809
427179 427273
427302 427374
427871 427904
428121 428171
428308 428339
428544 428618
428621 428638
428911 428972
429153 429206
429604 429694
430067 430069
430310 430366
430819 430883
431372 431389
431754 431839
431863 431932
432012 432059
432442 432527
432642 432719
432811 432889
433289 433292
433425 433469
433621 433655
434152 434208
434376 434409
434869 434963
435452 435468
435741 435753
436187 436189
436667 436680
436855 436905
437337 437401
437801 437804
438098 438131
438217 438241
438450 438476
438548 438636
438994 439008
439475 439499
439986 439987
440287 440338
440596 440627
440943 440999
441476 441537
441773 441850
442049 442065
442308 442341
442833 442898
443351 443444
443748 443762
443893 443899
444279 444294
444378 444456
444506 444560
444838 444907
445393 445450
445645 445672
445877 445962
446074 446099
446243 446264
446737 446746
447076 447100
447337 447436
447534 447552
447932 447953
448083 448089
448149 448200
448497 448576
448763 448814
448844 448888
449274 449358
449612 449616
449846 449940
450021 450085
450531 450537
450570 450581
450594 450674
450771 450806
451151 451189
451231 451255
451331 451428
451853 451886
452135 452136
452376 452430
452839 452869
453119 453189
453463 453467
453808 453895
453990 454049
454312 454392
454791 454815
454932 454981
455280 455367
455865 455903
456360 456446
456757 456790
457142 457193
457211 457285
457763 457854
458060 458071
458217 458244
458729 458749
459074 459141
459195 459283
459660 459743
459999 460026
460148 460205
460537 460572
460689 460726
460845 460879
460893 460985
461041 461042
461502 461544
461811 461904
462100 462157
462353 462436
462754 462800
462871 462875
463149 463173
463298 463367
463559 463617
464051 464151
464260 464329
464701 464716
464953 464978
465061 465072
465365 465407
465621 465684
465720 465794
466252 466334
466832 466894
467036 467094
467594 467614
467887 467981
468412 468436
468715 468768
469028 469037
469347 469362
469449 469525
469984 470078
470524 470608
471059 471101
471521 471547
471589 471646
472114 472190
472343 472415
472657 472675
472954 472986
473116 473126
473446 473515
473931 473958
474229 474305
474346 474406
474457 474511
474970 475026
475224 475301
475469 475554
475630 475727
475872 475938
476148 476160
476509 476523
476711 476777
477136 477193
477214 477272
477570 477638
477901 477931
478010 478046
478302 478315
478540 478607
478901 478965
479022 479093
479591 479676
479954 479961
480003 480032
480066 480103
480579 480635
480888 480941
481425 481514
481777 481801
482212 482248
482320 482419
482472 482498
482724 482757
483091 483179
483365 483382
483386 483456
483907 483975
484273 484286
484786 484800
484997 484999
485086 485150
485329 485366
485694 485707
485758 485763
485826 485887
486061 486080
486207 486261
486539 486560
486868 486923
487030 487115
487358 487425
487917 487935
488431 488506
488788 488881
489316 489351
489599 489644
489774 489820
490230 490268
490608 490647
491093 491149
491201 491285
491785 491800
492056 492086
492415 492446
492848 492852
493209 493236
493735 493815
493861 493954
494435 494500
494604 494611
494962 495021
495374 495429
495472 495562
495879 495966
496286 496348
496625 496715
496968 497054
497223 497306
497493 497583
497997 498084
498142 498209
498379 498412
498431 498497
498863 498915
499271 499353
499607 499653
500007 500026
500036 500101
500563 500611
500723 500759
501078 501095
501293 501355
501818 501908
502377 502378
502492 502555
502872 502899
503091 503190
503610 503687
503935 504021
504059 504104
504161 504202
504242 504278
504536 504634
504641 504666
504971 504988
505080 505127
505597 505626
506020 506061
506227 506288
506457 506524
506895 506907
507038 507076
507564 507659
508112 508159
508641 508729
509157 509171
509282 509380
509756 509779
509810 509892
510131 510179
510650 510731
510867 510953
511027 511108
511476 511488
511896 511971
512411 512470
512602 512637
512733 512781
512894 512903
513017 513058
513257 513344
513535 513634
513643 513686
513844 513914
514405 514410
514846 514939
514994 514999
515343 515407
515750 515790
516272 516318
516655 516751
516965 517002
517042 517137
517275 517340
517521 517606
517851 517862
518341 518346
518420 518430
518625 518635
518761 518768
519078 519113
519511 519517
519679 519698
519841 519859
520158 520163
520649 520702
520705 520769
521232 521263
521409 521493
521875 521954
521960 521970
522225 522262
522279 522284
522588 522605
522949 523041
523159 523171
523325 523412
523504 523599
523670 523753
524214 524254
524455 524457
524662 524677
524892 524949
525446 525539
525882 525947
526331 526333
526636 526734
526915 526924
527200 527280
527495 527505
527527 527555
527623 527682
527686 527738
527883 527894
527904 527995
528118 528162
528342 528423
528426 528444
528521 528528
528917 528921
529027 529038
529138 529201
529500 529533
529678 529684
530048 530103
530425 530442
530860 530939
531384 531445
531867 531961
532295 532395
532446 532545
533040 533043
533126 533169
533257 533335
533535 533554
533587 533645
533684 533719
534112 534124
534609 534645
534872 534963
535005 535020
535303 535321
535794 535808
536132 536213
536466 536481
536764 536778
536806 536868
537043 537111
537388 537427
537545 537622
537702 537725
537790 537816
538288 538322
538531 538606
538740 538793
539219 539292
539464 539474
539811 539865
539937 539958
540050 540054
540083 540088
540361 540454
540923 540984
541476 541538
541600 541684
541983 541995
542345 542352
542649 542661
543137 543230
543455 543491
543838 543934
544106 544148
544353 544374
544771 544840
544860 544911
545304 545333
545753 545787
546181 546277
546418 546451
546875 546913
547251 547265
547562 547586
548005 548074
548183 548189
548237 548289
548734 548813
548978 548986
549383 549403
549758 549775
550195 550222
550431 550440
550838 550862
550985 551039
551312 551337
551799 551841
551872 551969
552253 552319
552733 552828
553135 553182
553266 553334
553786 553845
554334 554433
554504 554521
554684 554740
555011 555092
555394 555446
555571 555668
555679 555713
556187 556227
556258 556316
556364 556428
556537 556621
556849 556939
557140 557148
557220 557222
557561 557571
557624 557700
557995 558008
558184 558261
558542 558551
558595 558658
558901 558912
559383 559416
559463 559527
559744 559771
560016 560096
560177 560237
560514 560533
560762 560785
561078 561103
561351 561353
561674 561747
562090 562141
562478 562562
562686 562774
563119 563182
563429 563440
563537 563587
563847 563936
564252 564303
564498 564585
565024 565044
565379 565472
565715 565736
565834 565919
566122 566196
566329 566354
566449 566467
566563 566593
567068 567131
567249 567328
567528 567549
567848 567883
568198 568265
568523 568579
569033 569097
569227 569325
569759 569808
570271 570310
570397 570448
570773 570842
571056 571134
571320 571397
571665 571725
571841 571904
572309 572363
572522 572592
572949 572950
573414 573502
573922 574019
574252 574277
574770 574807
575269 575331
575567 575606
575615 575657
575706 575712
575947 576045
576231 576260
576349 576429
576671 576676
576922 576974
577349 577390
577756 577764
577943 578016
578209 578265
578511 578538
578991 579038
579101 579141
579232 579283
579742 579766
580038 580078
580353 580400
580554 580597
580812 580879
581211 581285
581433 581472
581966 582034
582398 582453
582594 582686
582845 582854
583189 583251
583449 583491
583720 583760
583924 584006
584330 584353
584694 584791
584853 584862
585147 585242
585620 585693
586121 586164
586558 586650
586932 586978
587224 587306
587691 587735
588144 588203
588246 588330
588458 588515
588774 588872
589202 589265
589603 589682
589953 590014
590045 590124
590471 590542
590606 590647
590743 590800
591158 591221
591558 591647
592099 592150
592551 592596
593041 593090
593201 593256
593679 593771
594047 594048
594096 594195
594511 594520
594589 594676
595040 595080
595390 595469
595474 595566
595602 595671
595808 595869
596079 596106
596154 596233
596730 596825
596971 597036
597516 597599
597813 597833
598281 598320
598806 598881
599052 599130
599133 599230
599251 599339
599797 599822
599961 600046
600048 600073
600291 600374
600539 600611
600818 600881
601367 601432
601574 601633
602032 602038
602114 602151
602299 602321
602687 602776
602961 602970
603388 603459
603932 603960
604062 604097
604435 604513
604956 605055
605554 605654
605938 606007
606217 606286
606602 606640
606771 606844
606890 606942
607273 607307
607388 607476
607520 607528
607547 607575
607992 608018
608064 608068
608374 608381
608757 608819
609282 609307
609337 609432
609876 609968
610415 610452
610738 610771
610853 610924
611403 611407
611770 611848
612054 612144
612451 612516
612564 612641
612809 612889
613257 613340
613790 613862
614246 614268
614603 614639
615043 615063
615226 615307
615333 615404
615838 615923
616155 616191
616687 616702
616738 616787
617046 617067
617506 617572
617756 617766
618125 618145
618525 618561
618748 618773
618789 618841
619222 619264
619460 619554
619600 619681
620020 620060
620535 620635
620843 620864
620886 620983
621124 621176
621239 621298
621776 621778
622040 622071
622111 622119
622412 622461
622743 622806
622988 623055
623280 623299
623517 623561
623562 623628
624012 624032
624515 624614
624783 624789
624964 625032
625169 625187
625622 625641
625932 626020
626042 626075
626337 626341
626765 626864
627317 627398
627776 627869
628119 628172
628318 628369
628528 628611
628880 628921
628960 629042
629338 629371
629608 629664
630140 630210
630255 630354
630845 630857
630999 631055
631189 631206
631658 631743
631898 631920
632001 632072
632537 632633
632999 633061
633498 633588
633719 633775
634085 634138
634407 634489
634677 634757
635070 635095
635400 635488
635938 635940
636301 636317
636749 636846
636891 636926
637403 637408
637664 637669
638086 638136
638267 638289
638388 638468
638470 638570
639025 639069
639308 639367
639423 639440
639914 639981
640026 640092
640453 640482
640914 640954
641260 641317
641760 641842
641985 642069
642116 642213
642702 642710
642980 643068
643111 643178
643350 643377
643854 643859
644345 644387
644574 644600
644681 644686
644975 645011
645404 645500
645681 645711
645781 645870
646018 646075
646390 646447
646571 646613
646650 646661
646852 646862
647138 647198
647364 647405
647453 647502
647577 647605
647935 647979
648420 648501
648918 648992
649210 649221
649677 649715
649901 649969
650241 650318
650493 650575
650613 650695
650804 650851
651082 651177
651581 651615
651818 651826
651945 651950
652384 652420
652834 652890
652917 652956
653187 653254
653315 653317
653811 653866
653960 654058
654478 654571
654718 654816
655124 655177
655292 655357
655659 655677
656025 656040
656226 656241
656417 656475
656582 656605
656702 656703
657024 657117
657281 657345
657405 657418
657726 657738
657759 657790
657949 657958
658340 658389
658654 658723
659074 659163
659311 659355
659683 659721
659803 659854
660253 660286
660352 660430
660631 660698
660882 660978
661356 661384
661521 661532
661916 661955
662394 662455
662710 662736
663210 663284
663420 663431
663733 663768
663873 663923
664372 664435
664870 664918
664963 665021
665461 665545
665648 665710
665994 666051
666293 666346
666547 666563
666892 666992
667370 667411
667836 667894
668126 668139
668411 668426
668855 668889
669103 669137
669607 669677
669856 669890
670243 670301
670616 670627
670996 671081
671151 671171
671648 671681
671823 671873
671952 671999
672181 672268
672702 672771
672911 672915
673035 673108
673145 673190
673212 673244
673245 673327
673480 673496
673895 673932
674245 674270
674622 674685
674770 674840
675148 675219
675649 675683
676159 676184
676624 676714
677155 677227
677530 677620
678041 678114
678609 678709
679176 679184
679395 679471
679744 679815
680254 680342
680500 680581
680737 680813
680996 681032
681492 681503
681584 681662
681919 681920
682260 682343
682541 682569
682683 682695
682801 682842
683312 683337
683458 683463
683726 683788
684075 684098
684175 684215
684377 684469
684725 684748
685097 685178
685273 685323
685492 685580
685723 685734
685811 685823
685876 685923
686100 686144
686544 686617
686750 686828
687173 687248
687442 687530
687829 687902
688165 688201
688208 688296
688642 688685
689118 689163
689588 689615
689736 689803
690197 690240
690371 690437
690701 690738
691119 691153
691541 691626
691776 691831
692177 692186
692341 692405
692791 692793
693221 693300
693632 693664
693853 693893
694050 694082
694501 694524
694967 694994
695402 695469
695944 695984
696317 696331
696827 696918
697303 697343
697760 697815
698156 698208
698265 698359
698513 698577
698954 699005
699173 699273
699432 699526
699618 699652
699999 700081
700537 700538
700650 700693
700698 700744
700966 701012
701225 701310
701456 701490
701726 701811
701833 701865
702274 702302
702521 702559
702837 702860
703171 703221
703606 703702
703904 703934
704319 704412
704615 704669
704990 704995
705219 705265
705564 705593
705965 705981
706222 706227
706538 706565
706708 706795
706965 706999
707283 707344
707686 707718
708058 708139
708275 708367
708864 708909
709007 709082
709408 709439
709629 709642
709970 710012
710511 710575
710620 710652
710823 710872
711197 711277
711530 711548
711811 711877
712060 712099
712504 712576
713027 713113
713289 713346
713412 713484
713810 713850
713871 713961
714142 714218
714638 714723
715140 715190
715372 715401
715513 715517
715767 715798
716199 716219
716580 716610
716862 716950
717213 717258
717342 717379
717653 717700
717814 717838
718178 718246
718480 718505
718968 719044
719357 719395
719549 719593
719911 719956
719995 720021
720472 720539
720702 720758
720930 721012
721053 721097
721562 721643
722038 722084
722172 722230
722720 722760
722847 722931
723134 723218
723454 723534
723737 723817
723952 724016
724395 724443
724721 724723
725082 725155
725527 725609
725686 725772
726040 726123
726472 726515
726649 726680
726719 726741
727041 727043
727263 727308
727707 727728
728095 728139
728386 728486
728579 728597
728822 728914
728983 729027
729328 729395
729406 729477
729669 729740
729921 730007
730231 730293
730642 730672
730678 730721
731065 731140
731605 731631
731967 732020
732037 732086
732412 732415
732645 732726
732967 733010
733279 733322
733728 733814
734045 734096
734411 734469
734823 734824
735040 735108
735367 735387
735403 735473
735903 735993
736172 736256
736683 736709
737179 737250
737596 737692
737775 737821
738244 738277
738444 738499
738963 739010
739160 739234
739412 739504
739703 739765
740080 740148
740356 740393
740693 740751
741090 741115
741406 741506
741847 741917
742152 742223
742451 742482
742717 742788
743086 743118
743408 743448
743644 743647
744123 744200
744621 744714
744811 744862
744980 745027
745242 745294
745419 745433
745833 745910
746386 746448
746726 746731
747014 747043
747052 747073
747488 747492
747981 748044
748245 748251
748296 748299
748374 748401
748821 748832
749143 749221
749509 749531
749825 749851
750259 750261
750596 750654
750833 750922
751395 751421
751423 751460
751901 751962
752411 752424
752607 752659
752990 753017
753464 753475
753708 753767
753879 753972
754310 754353
754486 754520
754573 754648
754687 754762
755229 755255
755685 755704
756076 756163
756193 756252
756621 756687
756954 757011
757249 757298
757475 757503
758000 758014
758361 758386
758489 758566
758847 758925
759275 759323
759484 759553
759662 759706
759895 759929
760239 760310
760762 760780
760906 760913
761057 761134
761174 761206
761521 761596
761764 761860
762072 762137
762289 762334
762363 762376
762504 762509
762828 762849
763044 763059
763309 763402
763765 763803
764069 764118
764543 764615
764668 764762
765069 765140
765571 765651
765900 765938
766267 766347
766547 766598
766962 766975
767168 767253
767478 767479
767696 767698
767737 767799
768020 768100
768296 768327
768731 768829
768980 769025
769192 769231
769477 769530
769556 769610
769732 769767
770123 770204
770315 770398
770683 770752
770938 771038
771411 771480
771804 771840
772338 772362
772591 772633
772970 773033
773102 773124
773478 773509
773843 773936
774128 774188
774395 774417
774496 774502
775002 775078
775302 775389
775798 775820
776129 776163
776406 776434
776825 776879
777324 777402
777438 777463
777730 777781
778263 778337
778425 778465
778733 778832
779146 779239
779602 779625
779796 779836
780139 780141
780389 780416
780646 780676
780951 780962
781185 781189
781417 781429
781632 781698
782142 782155
782480 782534
782936 782992
783266 783321
783380 783425
783489 783585
783855 783891
784006 784053
784403 784449
784601 784602
784762 784806
785025 785064
785384 785447
785589 785639
785732 785737
786045 786101
786368 786418
786683 786698
786733 786786
786875 786926
786952 786961
787362 787441
787513 787575
787781 787828
788103 788164
788251 788334
788635 788637
788676 788740
789184 789227
789553 789600
789862 789864
790348 790409
790517 790581
790811 790882
791141 791186
791615 791641
791913 791929
792285 792325
792470 792525
792914 792928
793139 793166
793367 793417
793459 793547
793590 793597
793990 794065
794503 794536
794675 794719
795045 795078
795246 795288
795631 795728
796037 796059
796320 796384
796798 796893
797106 797199
797372 797409
797842 797940
798106 798124
798229 798302
798794 798803
799243 799340
799672 799703
799859 799927
800189 800192
800654 800713
800851 800917
801144 801153
801219 801239
801532 801578
801877 801898
801978 802049
802436 802499
802500 802501
802747 802813
802924 803009
803191 803286
803293 803367
803816 803907
804190 804263
804285 804369
804656 804702
804914 805007
805207 805262
805727 805826
806110 806118
806292 806378
806605 806645
807136 807225
807717 807796
807847 807932
808229 808294
808369 808414
808523 808593
808641 808740
809080 809143
809543 809569
809737 809821
810150 810209
810321 810388
810844 810878
811136 811168
811226 811234
811572 811650
811916 811944
812171 812206
812282 812369
812801 812891
813029 813037
813376 813471
813517 813608
813748 813807
814197 814205
814329 814359
814396 814427
814790 814830
815103 815189
815248 815278
815401 815451
815711 815782
815980 815989
816014 816027
816079 816168
816253 816300
816317 816363
816392 816450
816886 816914
817397 817479
817570 817636
818089 818114
818201 818219
818643 818659
818830 818905
819224 819296
819332 819414
819757 819857
819977 820001
820430 820486
820692 820698
820832 820839
820977 821068
821087 821134
821552 821576
821931 821977
822184 822241
822685 822753
823092 823098
823103 823198
823279 823353
823582 823598
824074 824155
824603 824646
824846 824860
825176 825224
825406 825497
825947 826043
826486 826499
826648 826677
826931 826969
827309 827409
827806 827811
828190 828218
828420 828485
828779 828858
829046 829131
829583 829601
829860 829905
830157 830171
830349 830446
830572 830605
830704 830780
831152 831205
831604 831681
832175 832249
832648 832705
832753 832762
832975 833027
833449 833501
833946 834019
834350 834445
834679 834688
834898 834917
835017 835047
835162 835246
835683 835735
835897 835963
836327 836330
836746 836759
836922 836983
837347 837369
837522 837531
837780 837839
838264 838307
838570 838597
838611 838635
839069 839091
839421 839433
839647 839740
839793 839852
840060 840072
840462 840491
840680 840716
841175 841273
841457 841472
841533 841624
841740 841835
842001 842076
842387 842411
842710 842758
843009 843031
843246 843257
843294 843380
843871 843891
844011 844088
844585 844683
845179 845222
845701 845735
845793 845873
846073 846080
846574 846660
847071 847092
847581 847657
848092 848148
848400 848489
848938 849036
849300 849364
849581 849621
850024 850108
850597 850599
850913 850972
851073 851127
851461 851521
851578 851594
852055 852115
852257 852269
852640 852707
853126 853159
853453 853512
853664 853746
853995 854024
854265 854364
854798 854860
855305 855336
855628 855710
856143 856203
856613 856664
856734 856749
856882 856929
857369 857379
857707 857726
857759 857837
858262 858334
858599 858639
858791 858827
859213 859289
859312 859363
859412 859441
859747 859749
860225 860271
860644 860655
860940 861002
861072 861129
861542 861576
861762 861785
862052 862090
862247 862264
862381 862469
862738 862799
863191 863238
863524 863610
864076 864111
864485 864494
864878 864961
865068 865099
865436 865477
865610 865651
866119 866166
866395 866416
866568 866603
866746 866761
867109 867172
867637 867676
867718 867726
868170 868176
868611 868686
868729 868787
868800 868802
869136 869175
869469 869479
869718 869806
870271 870330
870696 870738
871155 871246
871343 871385
871660 871711
871790 871856
872047 872119
872420 872460
872636 872716
872924 872948
873156 873187
873228 873258
873718 873774
873885 873968
874144 874235
874263 874360
874514 874590
874716 874726
875214 875309
875785 875795
875868 875907
876222 876296
876434 876482
876639 876691
876713 876785
876984 877058
877248 877344
877352 877423
877724 877732
877813 877909
878130 878181
878326 878331
878511 878583
878748 878783
879134 879216
879225 879296
879697 879794
880190 880206
880377 880444
880466 880522
880776 880876
881288 881367
881770 881801
881903 881936
882225 882227
882582 882620
882863 882963
883307 883384
883474 883556
883706 883770
884005 884017
884432 884458
884876 884966
885092 885182
885202 885274
885384 885443
885718 885725
885920 885931
886381 886400
886566 886642
886823 886865
887174 887187
887204 887272
887585 887599
887754 887790
888261 888309
888412 888508
888617 888646
889144 889145
889572 889641
890080 890103
890569 890572
891016 891088
891170 891195
891305 891382
891523 891620
891916 892001
892419 892514
892518 892545
892702 892778
892864 892912
893052 893066
893235 893304
893521 893544
893545 893590
893647 893727
894178 894238
894467 894477
894815 894887
895034 895083
895152 895246
895744 895745
896142 896157
896529 896536
896772 896856
896938 896955
897147 897206
897638 897702
897937 898016
898305 898358
898452 898464
898918 898985
899088 899109
899553 899641
899829 899834
899960 899980
900089 900166
900228 900325
900427 900481
900874 900956
901312 901348
901848 901942
902429 902493
902590 902648
902774 902820
903295 903297
903630 903647
904132 904164
904271 904302
904780 904794
904880 904968
905308 905337
905641 905672
906047 906049
906532 906610
906618 906715
906878 906958
907180 907197
907439 907525
907787 907853
907867 907895
908271 908284
908351 908397
908817 908871
909116 909155
909376 909401
909502 909587
909684 909730
910072 910162
910503 910577
910807 910877
911211 911273
911436 911455
911875 911941
912039 912098
912430 912473
912549 912610
912722 912747
912873 912877
912945 913014
913410 913423
913594 913690
913982 913993
914147 914241
914603 914656
914706 914728
914751 914766
914796 914835
915179 915232
915553 915580
915986 916051
916179 916278
916377 916437
916643 916672
917155 917249
917394 917445
917869 917915
917918 917970
917980 918043
918415 918426
918872 918946
918968 918980
919056 919089
919520 919582
920063 920089
920273 920336
920420 920451
920630 920669
920941 920953
921130 921146
921439 921482
921776 921828
921932 921968
922110 922164
922306 922364
922580 922599
923042 923079
923289 923340
923357 923416
923776 923789
923875 923958
924301 924372
924831 924929
925266 925270
925496 925512
925558 925626
925956 925998
926482 926531
926611 926674
926970 927036
927258 927311
927343 927378
927790 927796
927917 928006
928454 928553
928565 928613
928910 928961
929428 929449
929656 929714
929781 929832
929884 929937
930225 930229
930656 930701
930744 930803
931143 931229
931422 931458
931593 931614
931679 931706
931795 931808
932024 932108
932433 932512
932986 932989
933177 933194
933460 933478
933873 933876
934070 934145
934565 934587
934945 935029
935387 935418
935840 935873
936159 936247
936325 936376
936527 936564
936715 936758
936872 936902
937136 937177
937634 937674
938171 938178
938484 938518
938986 939002
939352 939437
939553 939574
939905 939944
939977 939979
940410 940418
940900 940928
941111 941182
941230 941274
941437 941527
941666 941680
941789 941861
941868 941885
942112 942126
942267 942357
942395 942428
942655 942706
943193 943256
943358 943437
943591 943679
943729 943735
943964 944051
944511 944607
944827 944876
944982 945040
945072 945087
945232 945328
945641 945651
945832 945836
946219 946225
946425 946458
946767 946799
947289 947327
947535 947555
947640 947729
947981 947994
948116 948171
948267 948310
948693 948792
949000 949038
949388 949474
949787 949878
950001 950077
950272 950310
950741 950838
951063 951104
951513 951516
951971 952012
952188 952196
952498 952590
952663 952759
952831 952852
953020 953109
953117 953211
953437 953491
953768 953814
954312 954326
954402 954433
954741 954789
954876 954921
955035 955125
955592 955604
956063 956163
956258 956273
956512 956601
956852 956898
957175 957240
957454 957501
957564 957609
957864 957955
958266 958300
958739 958814
959026 959093
959450 959505
959820 959908
960084 960091
960563 960614
960820 960916
960963 960974
961460 961512
961670 961749
962180 962226
962290 962325
962691 962778
962870 962908
963385 963469
963737 963772
963899 963925
964073 964145
964204 964281
964703 964710
964962 965036
965359 965407
965883 965932
966058 966131
966499 966539
966827 966857
967287 967289
967642 967682
967909 967944
968241 968323
968513 968570
968702 968768
968873 968906
968952 968969
969038 969077
969505 969570
969993 970088
970463 970473
970758 970833
971064 971089
971124 971206
971391 971393
971889 971942
972104 972188
972654 972662
972990 973085
973585 973651
973765 973803
973902 973988
974166 974176
974551 974582
974821 974913
975237 975268
975726 975795
976209 976293
976451 976499
976606 976639
976941 977021
977095 977155
977326 977330
977579 977667
977966 978060
978523 978526
978762 978860
978966 979019
979352 979408
979717 979786
980069 980101
980203 980223
980536 980634
980885 980922
981021 981080
981117 981209
981300 981397
981495 981531
982018 982063
982137 982200
982566 982609
982901 982938
983189 983194
983663 983721
983976 983991
984132 984145
984423 984460
984659 984747
985048 985089
985329 985350
985501 985580
985743 985789
986003 986097
986457 986532
986641 986734
986832 986912
987373 987409
987728 987754
988205 988273
988701 988800
988826 988899
989112 989144
989549 989615
989676 989722
989740 989806
990042 990129
990444 990515
990876 990917
991299 991335
991501 991559
991800 991841
992121 992148
992329 992340
992711 992715
992716 992803
993062 993127
993483 993485
993709 993744
993818 993883
994076 994101
994352 994371
994629 994632
994772 994859
995192 995201
995219 995254
995482 995520
995909 995911
995968 996012
996204 996289
996559 996607
996908 996943
997381 997444
997876 997915
998046 998059
998172 998212
998258 998280
998400 998475
998497 998511
998866 998929
999026 999069
999113 999158
999496 999497
999518 999529
999998 1000035
1000182 1000190
1000525 1000610
1000972 1001010
1001245 1001270
1001454 1001469
1001672 1001733
1001824 1001853
1002155 1002190
1002325 1002405
1002721 1002747
1003223 1003237
1003566 1003658
1003803 1003807
1004130 1004170
1004454 1004488
1004897 1004909
1005134 1005180
1005354 1005412
1005433 1005438
1005845 1005893
1006053 1006153
1006184 1006238
1006573 1006663
1006900 1006916
1007291 1007378
1007616 1007654
1008076 1008123
1008262 1008287
1008647 1008706
1009049 1009052
1009448 1009458
1009685 1009785
1010184 1010257
1010472 1010528
1010793 1010858
1011318 1011396
1011845 1011846
1011930 1012029
1012238 1012308
1012538 1012552
1012866 1012943
1013103 1013165
1013591 1013675
1014054 1014136
1014159 1014205
1014332 1014424
1014744 1014761
1015179 1015251
1015340 1015395
1015854 1015919
1016290 1016374
1016443 1016500
1016983 1016995
1017294 1017306
1017796 1017832
1018036 1018121
1018331 1018402
1018858 1018885
1019019 1019083
1019464 1019511
1019634 1019702
1020162 1020199
1020593 1020676
1021150 1021182
1021430 1021469
1021561 1021661
1022142 1022213
1022592 1022679
1022713 1022812
1022820 1022880
1023165 1023179
1023181 1023247
1023524 1023558
1023571 1023609
1023851 1023893
1023913 1023935
1024052 1024071
1024199 1024233
1024687 1024728
1024832 1024848
1025171 1025214
1025669 1025700
1025987 1026034
1026191 1026218
1026251 1026300
1026723 1026726
1026989 1027001
1027421 1027437
1027571 1027626
1028012 1028043
1028417 1028450
1028564 1028655
1028967 1028988
1029445 1029534
1029596 1029602
1030035 1030066
1030165 1030259
1030377 1030455
1030950 1031039
1031504 1031523
1031553 1031590
1031946 1032002
1032363 1032372
1032778 1032819
1033028 1033046
1033345 1033385
1033573 1033598
1033837 1033933
1034349 1034444
1034820 1034907
1035025 1035027
1035029 1035127
1035542 1035546
1035610 1035702
1035894 1035962
1036222 1036241
1036386 1036450
1036926 1037023
1037361 1037445
1037574 1037608
1037916 1037943
1037979 1038076
1038468 1038492
1038616 1038649
1038728 1038755
1039126 1039192
1039620 1039714
1039901 1039911
1040108 1040129
1040302 1040396
1040469 1040483
1040909 1040944
1041046 1041082
1041191 1041285
1041644 1041735
1041804 1041858
1042283 1042303
1042661 1042756
1043122 1043146
1043546 1043644
1044139 1044208
1044527 1044536
1044672 1044724
1044808 1044880
1045359 1045383
1045619 1045708
1045991 1046076
1046502 1046515
1046909 1046946
1047090 1047174
1047603 1047665
1048088 1048181
1048480 1048552
1049011 1049082
1049118 1049206
1049446 1049476
1049568 1049605
1049824 1049876
1049944 1049990
1050143 1050227
1050422 1050444
1050649 1050737
1051063 1051100
1051339 1051364
1051552 1051627
1051636 1051675
1052073 1052112
1052465 1052492
1052751 1052811
1052896 1052934
1053141 1053161
1053418 1053481
1053721 1053759
1053774 1053802
1053984 1054044
1054084 1054107
1054295 1054332
1054354 1054448
1054834 1054857
1055302 1055344
1055488 1055584
1055649 1055682
1055827 1055891
1055961 1056021
1056518 1056614
1056636 1056650
1056864 1056899
1057371 1057420
1057842 1057868
1058198 1058220
1058315 1058368
1058498 1058525
1058598 1058691
1059147 1059205
1059665 1059689
1059836 1059838
1059866 1059926
1059931 1060006
1060498 1060501
1060957 1060980
1061196 1061282
1061359 1061368
1061743 1061832
1062281 1062282
1062773 1062795
1063015 1063054
1063444 1063450
1063556 1063568
1063727 1063799
1064109 1064133
1064572 1064660
1064933 1065010
1065199 1065212
1065335 1065336
1065551 1065580
1065849 1065930
1066287 1066321
1066636 1066668
1066706 1066728
1067179 1067215
1067545 1067600
1068042 1068107
1068130 1068196
1068608 1068664
1068748 1068829
1069319 1069345
1069530 1069617
1069861 1069875
1069883 1069922
1069965 1070028
1070460 1070468
1070836 1070928
1071145 1071149
1071375 1071452
1071695 1071713
1071973 1072059
1072132 1072218
1072582 1072667
1072777 1072834
1073323 1073399
1073454 1073539
1073675 1073678
1073750 1073754
1073826 1073844
1074243 1074262
1074427 1074506
1074581 1074601
1074860 1074954
1075364 1075389
1075849 1075924
1076297 1076333
1076613 1076624
1077120 1077190
1077445 1077462
1077847 1077872
1078198 1078255
1078675 1078720
1079120 1079152
1079304 1079348
1079382 1079433
1079926 1080020
1080446 1080467
1080927 1080939
1081085 1081178
1081304 1081395
1081640 1081648
1081815 1081889
1081941 1081965
1082357 1082429
1082826 1082893
1083239 1083318
1083748 1083764
1083881 1083980
1084307 1084374
1084703 1084714
1084787 1084875
1085219 1085260
1085321 1085326
1085616 1085701
1085725 1085815
1086006 1086066
1086280 1086302
1086419 1086501
1086680 1086761
1086984 1087071
1087431 1087512
1087557 1087607
1088029 1088123
1088407 1088424
1088633 1088712
1089008 1089028
1089257 1089274
1089589 1089631
1089671 1089681
1089747 1089763
1090027 1090073
1090312 1090338
1090484 1090553
1090938 1091033
1091091 1091123
1091134 1091164
1091344 1091439
1091456 1091545
1091690 1091770
1092203 1092247
1092316 1092413
1092683 1092754
1092917 1092978
1093284 1093308
1093620 1093658
1094154 1094197
1094473 1094506
1094508 1094598
1095009 1095075
1095084 1095092
1095334 1095421
1095491 1095577
1096063 1096144
1096162 1096234
1096300 1096348
1096602 1096671
1097116 1097210
1097514 1097559
1097894 1097911
1097925 1097990
1098038 1098102
1098263 1098339
1098755 1098838
1099219 1099241
1099333 1099408
1099795 1099810
1100087 1100155
1100167 1100177
1100462 1100474
1100633 1100683
1100723 1100759
1101133 1101224
1101679 1101718
1101968 1102010
1102136 1102236
1102417 1102486
1102919 1102944
1103045 1103142
1103391 1103433
1103654 1103655
1104153 1104210
1104362 1104455
1104695 1104725
1105084 1105177
1105221 1105319
1105628 1105664
1106164 1106252
1106622 1106643
1107020 1107072
1107551 1107625
1108050 1108064
1108068 1108116
1108548 1108630
1108884 1108895
1108900 1108948
1109046 1109123
1109377 1109398
1109580 1109643
1109997 1110086
1110093 1110129
1110545 1110618
1111090 1111105
1111197 1111232
1111380 1111473
1111855 1111931
1112415 1112448
1112708 1112750
1112827 1112864
1113195 1113218
1113569 1113576
1113713 1113742
1113850 1113910
1114252 1114267
1114333 1114396
1114803 1114849
1115341 1115351
1115688 1115700
1115872 1115950
1116245 1116297
1116323 1116415
1116440 1116486
1116946 1117037
1117337 1117346
1117608 1117635
1117710 1117796
1117857 1117930
1118009 1118079
1118303 1118339
1118690 1118693
1119027 1119030
1119456 1119529
1119948 1119975
1120257 1120325
1120637 1120736
1120793 1120876
1121133 1121182
1121474 1121542
1121903 1121926
1122402 1122421
1122641 1122682
1123127 1123201
1123320 1123379
1123563 1123597
1124048 1124094
1124217 1124267
1124628 1124694
1124774 1124775
1124798 1124839
1125187 1125228
1125447 1125487
1125826 1125909
1126388 1126486
1126918 1126943
1127404 1127451
1127931 1127976
1128149 1128166
1128308 1128388
1128868 1128942
1129244 1129289
1129366 1129413
1129600 1129681
1129876 1129937
1130378 1130456
1130746 1130824
1131225 1131319
1131656 1131694
1131707 1131803
1131893 1131904
1132402 1132433
1132524 1132605
1132635 1132723
1133176 1133211
1133625 1133644
1133801 1133837
1134071 1134105
1134247 1134317
1134400 1134431
1134681 1134767
1134792 1134892
1135206 1135225
1135528 1135628
1135857 1135915
1136269 1136361
1136496 1136553
1136903 1136988
1137127 1137176
1137660 1137719
1137840 1137923
1138306 1138380
1138766 1138843
1139285 1139366
1139803 1139870
1140270 1140294
1140724 1140781
1140849 1140933
1141196 1141280
1141760 1141762
1142257 1142349
1142534 1142624
1142662 1142753
1142988 1142990
1143257 1143295
1143577 1143630
1144026 1144038
1144500 1144563
1144908 1144923
1145043 1145138
1145309 1145408
1145497 1145551
1145711 1145792
1145934 1145965
1146376 1146399
1146823 1146827
1146986 1147010
1147341 1147438
1147864 1147873
1148308 1148375
1148521 1148524
1148810 1148853
1149090 1149163
1149648 1149684
1150023 1150054
1150406 1150450
1150939 1150976
1151137 1151211
1151337 1151399
1151758 1151837
1151907 1151910
1152174 1152182
1152205 1152237
1152338 1152375
1152482 1152556
1152947 1153018
1153345 1153394
1153610 1153698
1153908 1153970
1154104 1154181
1154373 1154397
1154645 1154685
1154935 1154947
1155249 1155295
1155547 1155586
1156068 1156107
1156585 1156593
1156667 1156703
1157064 1157100
1157179 1157259
1157548 1157621
1158024 1158045
1158171 1158177
1158261 1158306
1158349 1158371
1158394 1158449
1158541 1158568
1158675 1158770
1159266 1159294
1159410 1159427
1159541 1159597
1159998 1160002
1160426 1160470
1160740 1160785
1161072 1161109
1161605 1161666
1161967 1162053
1162535 1162541
1162801 1162827
1163173 1163240
1163314 1163337
1163686 1163695
1163861 1163943
1164272 1164339
1164372 1164460
1164648 1164723
1165028 1165118
1165494 1165550
1165709 1165716
1165728 1165740
1166235 1166266
1166356 1166391
1166555 1166583
1166707 1166729
1167079 1167124
1167283 1167346
1167407 1167446
1167892 1167937
1168023 1168075
1168185 1168272
1168464 1168495
1168534 1168608
1169013 1169049
1169368 1169468
1169477 1169548
1169599 1169689
1169916 1169956
1170328 1170417
1170606 1170677
1170706 1170732
1171098 1171156
1171312 1171387
1171846 1171882
1171890 1171938
1172239 1172311
1172695 1172770
1172790 1172878
1172996 1173008
1173297 1173337
1173777 1173836
1174312 1174325
1174373 1174384
1174715 1174734
1174750 1174807
1174890 1174919
1175173 1175239
1175580 1175648
1175762 1175832
1176303 1176360
1176530 1176556
1176946 1176995
1177229 1177254
1177655 1177688
1177911 1177942
1178124 1178171
1178241 1178249
1178504 1178575
1179024 1179079
1179342 1179428
1179746 1179764
1180140 1180187
1180415 1180505
1180563 1180564
1180667 1180669
1180975 1181069
1181147 1181226
1181408 1181420
1181648 1181725
1181897 1181978
1182427 1182469
1182835 1182864
1183311 1183380
1183668 1183750
1184131 1184223
1184511 1184518
1184987 1185049
1185149 1185232
1185671 1185734
1185884 1185947
1186249 1186281
1186727 1186752
1186837 1186883
1187163 1187206
1187665 1187750
1188033 1188050
1188081 1188153
1188618 1188660
1188801 1188857
1188884 1188914
1189369 1189372
1189765 1189862
1190173 1190262
1190542 1190605
1190779 1190837
1190977 1191025
1191044 1191128
1191290 1191305
1191507 1191520
1191918 1191926
1192426 1192472
1192766 1192777
1192987 1193010
1193469 1193510
1193737 1193773
1194131 1194167
1194178 1194245
1194512 1194547
1194802 1194805
1195048 1195086
1195387 1195439
1195634 1195715
1196041 1196108
1196134 1196151
1196438 1196482
1196591 1196660
1196785 1196863
1196913 1196915
1197257 1197274
1197510 1197606
1198032 1198043
1198205 1198296
1198657 1198659
1198740 1198781
1199080 1199139
1199585 1199631
1199918 1199969
1200428 1200486
1200692 1200751
1200910 1200930
1201152 1201166
1201625 1201707
1202129 1202210
1202589 1202642
1203017 1203032
1203136 1203216
1203462 1203558
1204007 1204011
1204429 1204452
1204754 1204795
1205119 1205124
1205268 1205355
1205562 1205590
1205735 1205818
1206120 1206146
1206178 1206272
1206430 1206525
1206732 1206819
1206957 1206995
1207049 1207079
1207402 1207433
1207600 1207689
1207865 1207935
1208011 1208074
1208331 1208332
1208342 1208431
1208692 1208734
1209094 1209180
1209501 1209540
1210033 1210050
1210281 1210316
1210432 1210434
1210685 1210763
1210907 1210924
1211002 1211045
1211155 1211230
1211568 1211629
1211892 1211931
1211977 1212069
1212517 1212567
1212876 1212971
1213188 1213192
1213580 1213655
1214084 1214110
1214158 1214215
1214379 1214452
1214717 1214753
1214938 1214944
1215365 1215420
1215489 1215560
1215797 1215888
1216286 1216372
1216746 1216801
1217279 1217312
1217363 1217374
1217679 1217778
1218211 1218290
1218492 1218535
1218957 1218982
1219106 1219154
1219225 1219295
1219496 1219584
1219592 1219635
1219725 1219738
1220079 1220099
1220308 1220369
1220480 1220570
1220915 1220925
1221124 1221203
1221545 1221621
1221952 1221956
1222409 1222501
1222672 1222714
1222773 1222822
1223074 1223134
1223308 1223323
1223440 1223491
1223694 1223772
1224162 1224218
1224641 1224695
1224850 1224892
1225083 1225176
1225182 1225185
1225189 1225227
1225705 1225712
1226102 1226111
1226560 1226590
1226753 1226768
1227162 1227197
1227305 1227381
1227432 1227501
1227765 1227857
1228152 1228180
1228476 1228534
1228666 1228738
1228911 1228958
1229364 1229421
1229866 1229964
1230231 1230280
1230473 1230498
1230940 1230986
1231177 1231237
1231736 1231764
1231984 1231998
1232122 1232201
1232247 1232300
1232511 1232598
1232926 1232948
1233365 1233383
1233633 1233664
1233686 1233740
1234090 1234113
1234517 1234559
1234958 1234996
1235133 1235202
1235323 1235334
1235489 1235556
1235873 1235968
1236072 1236074
1236494 1236566
1236713 1236717
1237111 1237150
1237376 1237412
1237840 1237842
1238225 1238227
1238499 1238510
1238755 1238833
1239149 1239246
1239350 1239429
1239832 1239875
1240255 1240317
1240764 1240776
1241198 1241240
1241606 1241633
1241796 1241840
1241856 1241925
1242155 1242243
1242620 1242708
1243190 1243284
1243784 1243844
1244144 1244175
1244444 1244524
1244584 1244671
1244889 1244890
1245224 1245261
1245624 1245645
1245789 1245874
1246010 1246064
1246205 1246294
1246691 1246766
1247116 1247184
1247370 1247401
1247614 1247651
1247652 1247669
1247753 1247830
1248307 1248317
1248572 1248620
1248877 1248905
1249204 1249297
1249766 1249768
1249896 1249946
1250345 1250437
1250889 1250907
1251326 1251392
1251530 1251621
1252088 1252094
1252262 1252323
1252645 1252652
1252889 1252953
1253289 1253317
1253721 1253811
1254207 1254242
1254366 1254418
1254590 1254596
1254874 1254927
1255225 1255270
1255521 1255595
1256022 1256051
1256112 1256139
1256193 1256277
1256603 1256692
1256762 1256778
1257228 1257241
1257334 1257362
1257694 1257744
1257975 1258011
1258276 1258360
1258546 1258589
1258999 1259038
1259050 1259067
1259521 1259529
1259540 1259623
1259641 1259686
1260055 1260098
1260524 1260582
1260711 1260756
1261184 1261223
1261502 1261517
1261766 1261819
1261997 1262021
1262204 1262235
1262316 1262384
1262876 1262931
1263398 1263481
1263676 1263737
1264126 1264144
1264593 1264600
1264780 1264880
1264945 1265009
1265363 1265373
1265611 1265650
1265808 1265820
1265844 1265893
1266081 1266087
1266496 1266543
1266611 1266660
1267073 1267157
1267259 1267302
1267399 1267440
1267460 1267512
1267806 1267896
1267966 1268043
1268355 1268406
1268693 1268701
1268709 1268729
1269059 1269074
1269135 1269175
1269426 1269511
1269721 1269768
1269892 1269919
1270051 1270085
1270463 1270492
1270949 1270999
1271033 1271073
1271556 1271565
1271931 1272030
1272195 1272278
1272480 1272484
1272703 1272746
1272859 1272875
1272927 1272945
1273035 1273122
1273410 1273462
1273525 1273592
1273921 1274010
1274340 1274394
1274708 1274765
1274952 1275016
1275109 1275159
1275472 1275546
1275908 1275983
1276127 1276214
1276334 1276427
1276508 1276573
1277063 1277109
1277273 1277290
1277779 1277852
1277966 1277979
1278012 1278102
1278417 1278467
1278896 1278964
1279390 1279409
1279643 1279719
1280073 1280140
1280256 1280264
1280322 1280383
1280662 1280694
1280719 1280806
1281027 1281127
1281621 1281683
1281906 1281992
1282350 1282404
1282685 1282716
1282784 1282862
1283044 1283048
1283057 1283080
1283570 1283655
1283667 1283736
1283880 1283916
1284305 1284381
1284647 1284729
1285104 1285144
1285540 1285583
1285897 1285950
1286387 1286404
1286768 1286839
1287319 1287401
1287623 1287640
1287685 1287716
1288074 1288076
1288222 1288309
1288581 1288679
1288841 1288875
1289359 1289455
1289829 1289855
1289958 1290011
1290144 1290187
1290648 1290721
1291102 1291196
1291512 1291591
1291960 1292049
1292369 1292441
1292812 1292813
1292883 1292914
1293343 1293402
1293571 1293662
1294085 1294106
1294283 1294315
1294611 1294624
1294937 1295016
1295409 1295473
1295540 1295544
1295947 1296028
1296096 1296155
1296264 1296314
1296627 1296682
1296743 1296811
1296913 1296947
1297299 1297366
1297565 1297597
1297780 1297830
1298117 1298175
1298609 1298650
1298866 1298944
1299023 1299114
1299465 1299484
1299827 1299830
1300156 1300175
1300283 1300313
1300812 1300902
1300935 1300950
1301303 1301330
1301372 1301428
1301662 1301664
1301983 1301992
1302033 1302079
1302150 1302178
1302379 1302419
1302670 1302718
1302813 1302861
1303034 1303052
1303517 1303607
1303875 1303918
1303957 1303997
1304477 1304573
1305052 1305065
1305287 1305304
1305617 1305652
1305994 1306012
1306402 1306448
1306565 1306602
1306977 1307016
1307504 1307584
1307826 1307917
1308063 1308144
1308324 1308334
1308428 1308467
1308607 1308677
1308927 1308930
1308986 1309005
1309255 1309271
1309635 1309644
1309733 1309774
1309897 1309966
1310061 1310118
1310537 1310610
1310630 1310674
1311156 1311251
1311720 1311773
1312262 1312312
1312561 1312575
1312859 1312915
1313334 1313347
1313643 1313667
1313924 1314013
1314117 1314207
1314357 1314366
1314418 1314477
1314915 1314959
1315094 1315098
1315352 1315388
1315836 1315920
1315922 1315956
1316405 1316414
1316617 1316635
1316734 1316821
1316980 1317064
1317372 1317460
1317813 1317887
1318113 1318121
1318243 1318338
1318826 1318845
1318909 1318962
1319104 1319107
1319511 1319561
1319648 1319684
1319690 1319695
1319830 1319884
1320257 1320322
1320682 1320765
1321106 1321121
1321567 1321580
1321610 1321706
1321774 1321874
1322215 1322288
1322768 1322831
1322931 1323025
1323271 1323328
1323454 1323499
1323938 1324009
1324448 1324523
1324646 1324735
1325070 1325088
1325309 1325372
1325393 1325468
1325928 1325945
1326416 1326434
1326544 1326579
1326989 1327065
1327359 1327375
1327426 1327506
1327824 1327899
1327986 1328024
1328142 1328164
1328492 1328560
1328962 1329032
1329126 1329154
1329291 1329323
1329466 1329550
1329653 1329692
1329736 1329781
1329827 1329909
1329993 1330019
1330362 1330409
1330541 1330601
1330800 1330841
1331332 1331415
1331871 1331935
1332194 1332240
1332298 1332396
1332852 1332900
1333235 1333269
1333475 1333509
1333671 1333678
1333772 1333818
1334229 1334260
1334598 1334668
1334885 1334931
1335294 1335384
1335744 1335807
1336269 1336332
1336635 1336724
1336784 1336798
1337174 1337243
1337700 1337747
1338160 1338251
1338495 1338544
1338888 1338923
1338943 1338946
1339444 1339542
1339804 1339901
1340276 1340303
1340409 1340452
1340942 1340976
1341305 1341351
1341496 1341528
1341818 1341833
1342286 1342379
1342385 1342437
1342873 1342953
1343264 1343285
1343721 1343793
1343924 1344022
1344116 1344159
1344279 1344311
1344787 1344871
1345357 1345391
1345469 1345503
1345601 1345646
1345729 1345818
1345871 1345914
1346195 1346265
1346470 1346561
1346672 1346723
1347206 1347213
1347687 1347735
1347920 1347962
1348173 1348187
1348243 1348281
1348738 1348757
1349155 1349195
1349531 1349616
1349744 1349763
1349988 1350022
1350209 1350253
1350711 1350809
1351091 1351126
1351306 1351393
1351650 1351690
1352010 1352076
1352127 1352138
1352315 1352415
1352697 1352769
1352792 1352810
1353006 1353012
1353370 1353419
1353471 1353541
1353957 1354034
1354532 1354606
1354608 1354691
1354961 1355046
1355443 1355504
1355750 1355810
1356042 1356129
1356339 1356438
1356578 1356650
1357046 1357082
1357342 1357365
1357794 1357876
1358326 1358344
1358587 1358623
1358961 1358991
1359317 1359396
1359436 1359529
1359540 1359541
1359895 1359913
1360266 1360314
1360776 1360786
1361183 1361240
1361537 1361622
1361686 1361699
1362095 1362151
1362546 1362646
1362725 1362818
1363248 1363309
1363418 1363447
1363866 1363952
1364426 1364467
1364616 1364668
1365061 1365075
1365365 1365429
1365469 1365563
1365620 1365650
1365992 1366059
1366271 1366322
1366588 1366607
1366699 1366753
1366981 1367046
1367176 1367260
1367444 1367502
1367515 1367613
1367677 1367705
1367884 1367930
1368040 1368100
1368327 1368336
1368790 1368804
1369175 1369252
1369254 1369345
1369407 1369440
1369568 1369600
1369910 1369952
1370009 1370065
1370233 1370249
1370559 1370657
1370833 1370835
1371234 1371331
1371816 1371823
1372108 1372169
1372553 1372587
1372702 1372723
1372933 1373015
1373318 1373400
1373576 1373641
1373869 1373932
1373995 1374052
1374498 1374571
1374790 1374858
1375119 1375218
1375284 1375373
1375732 1375775
1375842 1375906
1376265 1376348
1376769 1376841
1377240 1377260
1377617 1377670
1377948 1378024
1378117 1378208
1378218 1378249
1378641 1378695
1379148 1379195
1379386 1379475
1379599 1379684
1379711 1379746
1379881 1379930
1380095 1380177
1380180 1380183
1380552 1380586
1380769 1380864
1381104 1381165
1381499 1381565
1381852 1381886
1382131 1382207
1382322 1382370
1382676 1382741
1382997 1383047
1383248 1383319
1383674 1383738
1383740 1383768
1384004 1384075
1384236 1384279
1384425 1384442
1384942 1385007
1385501 1385588
1385797 1385841
1386223 1386230
1386306 1386351
1386709 1386749
1386932 1387032
1387065 1387138
1387235 1387314
1387597 1387646
1387996 1388015
1388343 1388433
1388716 1388805
1389229 1389300
1389790 1389793
1390217 1390265
1390351 1390394
1390486 1390524
1390939 1390976
1391199 1391257
1391612 1391648
1391870 1391899
1392365 1392397
1392645 1392730
1393041 1393092
1393418 1393502
1393612 1393651
1394149 1394159
1394377 1394410
1394803 1394836
1394884 1394915
1395042 1395098
1395366 1395424
1395682 1395748
1396095 1396138
1396391 1396473
1396888 1396890
1397313 1397373
1397519 1397596
1397858 1397935
1398021 1398087
1398474 1398503
1398953 1399002
1399452 1399542
1399730 1399779
1400217 1400271
1400598 1400673
1400750 1400785
1401257 1401346
1401411 1401434
1401725 1401810
1402078 1402155
1402445 1402449
1402483 1402542
1402859 1402937
1403079 1403130
1403450 1403548
1403701 1403737
1403791 1403880
1404257 1404321
1404626 1404717
1404802 1404873
1405000 1405049
1405461 1405472
1405506 1405531
1405620 1405672
1405690 1405725
1405907 1406000
1406425 1406517
1406858 1406945
1407398 1407452
1407811 1407881
1407961 1408044
1408264 1408266
1408300 1408400
1408517 1408582
1408599 1408628
1408731 1408784
1409115 1409166
1409595 1409634
1409945 1410018
1410355 1410368
1410602 1410628
1410860 1410923
1411412 1411438
1411454 1411531
1411868 1411895
1412232 1412299
1412561 1412646
1412937 1412948
1413077 1413081
1413338 1413345
1413494 1413583
1413791 1413848
1413965 1413994
1414225 1414315
1414377 1414391
1414423 1414438
1414488 1414585
1414773 1414848
1414975 1414976
1415257 1415291
1415416 1415433
1415837 1415897
1416167 1416240
1416606 1416611
1416781 1416800
1417208 1417283
1417526 1417593
1417874 1417880
1418009 1418076
1418486 1418534
1418942 1419026
1419147 1419240
1419488 1419547
1419803 1419891
1420356 1420369
1420567 1420631
1420910 1420916
1420996 1421087
1421555 1421637
1421945 1421954
1422053 1422068
1422212 1422301
1422550 1422605
1423047 1423130
1423263 1423315
1423490 1423567
1423678 1423753
1424093 1424134
1424208 1424289
1424763 1424778
1425120 1425168
1425407 1425461
1425848 1425886
1426153 1426185
1426410 1426510
1426574 1426617
1427111 1427136
1427540 1427567
1427974 1428066
1428433 1428444
1428660 1428695
1428737 1428827
1429139 1429163
1429368 1429406
1429504 1429520
1429595 1429610
1429702 1429744
1429938 1429992
1430273 1430358
1430384 1430385
1430583 1430613
1431019 1431034
1431349 1431406
1431828 1431900
1431918 1432011
1432482 1432533
1432798 1432897
1432941 1433039
1433340 1433438
1433819 1433882
1434161 1434204
1434523 1434603
1434605 1434654
1434747 1434829
1434859 1434886
1435275 1435372
1435830 1435919
1436120 1436148
1436370 1436385
1436421 1436490
1436537 1436540
1436939 1437000
1437491 1437554
1437719 1437746
1437923 1437954
1438092 1438108
1438440 1438517
1438679 1438738
1438920 1439002
1439413 1439506
1439804 1439831
1439999 1440075
1440152 1440252
1440536 1440547
1440609 1440673
1441103 1441150
1441294 1441305
1441622 1441689
1441700 1441780
1442253 1442312
1442745 1442775
1442789 1442884
1443302 1443310
1443313 1443361
1443416 1443448
1443593 1443618
1443746 1443767
1443822 1443916
1444326 1444381
1444833 1444871
1445214 1445314
1445524 1445611
1445701 1445751
1446036 1446122
1446292 1446365
1446655 1446701
1447018 1447111
1447337 1447434
1447633 1447669
1448007 1448092
1448174 1448253
1448436 1448521
1448618 1448655
1449047 1449053
1449323 1449389
1449887 1449959
1450037 1450095
1450489 1450524
1450641 1450644
1450694 1450778
1450821 1450876
1450996 1451008
1451501 1451504
1451814 1451872
1452300 1452313
1452423 1452512
1452931 1453000
1453229 1453248
1453562 1453577
1453958 1453978
1454154 1454159
1454372 1454411
1454476 1454515
1454837 1454861
1455294 1455314
1455560 1455647
1455960 1455975
1456106 1456141
1456592 1456687
1456979 1457006
1457081 1457087
1457338 1457385
1457810 1457900
1457943 1458012
1458304 1458397
1458776 1458837
1459242 1459299
1459462 1459559
1459807 1459876
1460060 1460152
1460510 1460557
1460750 1460799
1460977 1461056
1461119 1461166
1461517 1461556
1461681 1461775
1462000 1462035
1462145 1462173
1462622 1462658
1463059 1463138
1463536 1463553
1463985 1464019
1464436 1464506
1464625 1464699
1465010 1465042
1465207 1465209
1465625 1465657
1466118 1466150
1466275 1466329
1466427 1466506
1466622 1466698
1466712 1466773
1467169 1467244
1467734 1467769
1468191 1468258
1468301 1468350
1468493 1468591
1468711 1468730
1469204 1469211
1469689 1469789
1470079 1470166
1470277 1470285
1470476 1470520
1470714 1470780
1471022 1471103
1471193 1471230
1471531 1471564
1471704 1471749
1471800 1471898
1471903 1471978
1472054 1472099
1472496 1472547
1472817 1472894
1473377 1473392
1473832 1473904
1474206 1474268
1474280 1474288
1474602 1474637
1474769 1474800
1475247 1475279
1475480 1475533
1475736 1475741
1475907 1475954
1476360 1476406
1476538 1476557
1476824 1476848
1477130 1477223
1477404 1477407
1477417 1477422
1477852 1477911
1477970 1477972
1478092 1478175
1478235 1478328
1478414 1478494
1478675 1478722
1478925 1478935
1478986 1479061
1479532 1479547
1479919 1480015
1480387 1480445
1480634 1480706
1480806 1480854
1481105 1481132
1481451 1481473
1481697 1481710
1482173 1482270
1482761 1482801
1482921 1482941
1483115 1483212
1483560 1483572
1484018 1484047
1484547 1484599
1484626 1484685
1484907 1484993
1484994 1485081
1485450 1485534
1485556 1485601
1485909 1485943
1486173 1486207
1486254 1486277
1486308 1486327
1486634 1486666
1486908 1486921
1487180 1487275
1487387 1487412
1487459 1487516
1487648 1487731
1488035 1488053
1488060 1488134
1488573 1488574
1488583 1488613
1488790 1488866
1489247 1489320
1489348 1489356
1489514 1489556
1489971 1490071
1490237 1490295
1490532 1490591
1490844 1490941
1491095 1491166
1491207 1491221
1491286 1491328
1491786 1491873
1492064 1492132
1492628 1492668
1492850 1492854
1493353 1493390
1493710 1493714
1494171 1494244
1494513 1494579
1495066 1495105
1495178 1495262
1495535 1495627
1495735 1495809
1495863 1495963
1496098 1496162
1496235 1496253
1496401 1496491
1496617 1496625
1496961 1496980
1497236 1497319
1497642 1497649
1497973 1498027
1498196 1498220
1498643 1498692
1498974 1499010
1499060 1499150
1499526 1499587
1499694 1499793
1499917 1499977
1500476 1500542
1500700 1500793
