1 34.0
2 33.9
3 33.7
4 33.5
5 33.3
6 33.2
7 33.0
8 32.8
9 32.7
10 32.5
11 32.3
12 32.1
13 32.0
14 31.8
15 31.6
16 31.5
17 31.3
18 31.1
19 30.9
20 30.8
21 30.6
22 30.4
23 30.2
24 30.1
25 29.9
26 29.7
27 29.6
28 29.4
29 29.2
30 29.0
31 28.9
32 28.7
33 28.5
34 28.3
35 28.2
36 28.0
37 27.8
38 27.7
39 27.5
40 27.3
41 27.1
42 27.0
43 26.8
44 26.6
45 26.4
46 26.3
47 26.1
48 25.9
49 25.8
50 25.6
51 25.4
52 25.2
53 25.1
54 24.9
55 24.7
56 24.6
57 24.4
58 24.2
59 24.0
60 23.9
61 23.7
62 23.5
63 23.3
64 23.2
65 23.0
66 22.8
67 22.7
68 22.5
69 22.3
70 22.1
71 22.0
72 21.8
73 21.6
74 21.4
75 21.3
76 21.1
77 20.9
78 20.8
79 20.6
80 20.4
81 20.2
82 20.1
83 19.9
84 19.7
85 19.5
86 19.4
87 19.2
88 19.0
89 18.9
90 18.7
91 18.5
92 18.3
93 18.2
94 18.0
95 17.8
96 17.7
97 17.5
98 17.3
99 17.1
100 17.0
101 16.8
102 16.6
103 16.4
104 16.3
105 16.1
106 15.9
107 15.8
108 15.6
109 15.4
110 15.2
111 15.1
112 14.9
113 14.7
114 14.5
115 14.4
116 14.2
117 14.0
118 13.9
119 13.7
120 13.5
121 13.3
122 13.2
123 13.0
124 12.8
125 12.6
126 12.5
127 12.3
128 12.1
129 12.0
130 11.8
131 11.6
132 11.4
133 11.3
134 11.1
135 10.9
136 10.7
137 10.6
138 10.4
139 10.2
140 10.1
141 9.9
142 9.7
143 9.5
144 9.4
145 9.2
146 9.0
147 8.9
148 8.7
149 8.5
150 8.3
151 8.2
152 8.0
153 7.8
154 7.6
155 7.5
156 7.3
157 7.1
158 7.0
159 6.8
160 6.6
161 6.4
162 6.3
163 6.1
164 5.9
165 5.7
166 5.6
167 5.4
168 5.2
169 5.1
170 4.9
171 4.7
172 4.5
173 4.4
174 4.2
175 4.0
176 3.9
177 3.7
178 3.5
179 3.3
180 3.2
181 3.0
182 2.8
183 2.7
184 2.5
185 2.3
186 2.2
187 2.0
188 1.8
189 1.6
190 1.5
191 1.3
192 1.1
193 1.0
194 0.8
195 0.6
196 0.5
197 0.3
198 0.2
199 -0.0
200 -0.2
201 -0.3
202 -0.5
203 -0.6
204 -0.8
205 -1.0
206 -1.1
207 -1.3
208 -1.4
209 -1.5
210 -1.7
211 -1.8
212 -1.9
213 -2.1
214 -2.2
215 -2.3
216 -2.5
217 -2.6
218 -2.7
219 -2.8
220 -2.9
221 -3.0
222 -3.2
223 -3.3
224 -3.4
225 -3.4
226 -3.5
227 -3.6
228 -3.7
229 -3.7
230 -3.8
231 -3.8
232 -3.8
233 -3.9
234 -3.9
235 -3.9
236 -3.9
237 -3.9
238 -3.9
239 -3.9
240 -3.9
241 -3.9
242 -3.9
243 -3.8
244 -3.8
245 -3.8
246 -3.8
247 -3.7
248 -3.7
249 -3.6
250 -3.6
251 -3.5
252 -3.4
253 -3.3
254 -3.3
255 -3.2
256 -3.2
257 -3.1
258 -3.0
259 -2.9
260 -2.8
261 -2.8
262 -2.7
263 -2.6
264 -2.5
265 -2.4
266 -2.3
267 -2.2
268 -2.1
269 -2.0
270 -2.0
271 -1.9
272 -1.8
273 -1.7
274 -1.6
275 -1.5
276 -1.4
277 -1.3
278 -1.2
279 -1.2
280 -1.1
281 -1.0
282 -0.9
283 -0.9
284 -0.8
285 -0.7
286 -0.7
287 -0.7
288 -0.6
289 -0.6
290 -0.5
291 -0.5
292 -0.5
293 -0.4
294 -0.4
295 -0.4
296 -0.4
297 -0.3
298 -0.3
299 -0.3
300 -0.2
301 -0.2
302 -0.2
303 -0.2
304 -0.2
305 -0.1
306 -0.1
307 -0.1
308 -0.1
309 -0.1
310 -0.1
311 -0.1
312 -0.1
313 -0.1
314 -0.1
315 -0.1
316 -0.1
317 -0.0
318 -0.0
319 -0.0
320 -0.0
321 -0.0
322 -0.0
323 -0.0
324 -0.0
325 -0.0
326 -0.0
327 -0.0
328 -0.0
329 -0.0
330 -0.0
331 -0.0
332 -0.0
333 -0.0
334 -0.0
335 -0.0
336 -0.0
337 -0.0
338 -0.0
339 -0.0
340 -0.0
341 -0.0
342 -0.0
343 -0.0
344 -0.0
345 -0.0
346 -0.0
347 -0.0
348 -0.0
349 -0.0
350 -0.0
351 -0.0
352 -0.0
353 -0.0
354 -0.0
355 -0.0
356 -0.0
357 -0.0
358 -0.0
359 0.0
360 0.0
361 0.0
362 0.0
363 0.0
364 0.0
365 0.0
366 0.0
367 0.0
368 0.0
369 0.0
370 0.0
371 0.0
372 0.0
373 0.0
374 0.0
375 0.0
376 0.0
377 0.0
378 0.0
379 0.0
380 0.0
381 0.0
382 0.0
383 0.0
384 0.0
385 0.0
386 0.0
387 0.0
388 0.0
389 0.0
390 0.0
391 0.0
392 0.0
393 0.0
394 0.0
395 0.0
396 0.0
397 0.0
398 0.0
399 0.0
400 0.0
