56 19.8
57 0.1
58 0.0
59 0.0
60 -0.0
61 -0.0
62 -0.1
63 -0.1
64 -0.1
65 -0.1
66 -0.2
67 -0.2
68 -0.2
69 -0.2
70 -0.3
71 -0.3
72 -0.3
73 -0.3
74 -0.4
75 -0.4
76 -0.4
77 -0.4
78 -0.5
79 -0.5
80 -0.5
81 -0.5
82 -0.6
83 -0.6
84 -0.6
85 -0.6
86 -0.7
87 -0.7
88 -0.7
89 -0.7
90 -0.8
91 -0.8
92 -0.8
93 -0.8
94 -0.9
95 -0.9
96 -0.9
97 -0.9
98 -1.0
99 -1.0
100 -1.0
101 -1.0
102 -1.1
103 -1.1
104 -1.1
105 -1.1
106 -1.2
107 -1.2
108 -1.2
109 -1.2
110 -1.3
111 -1.3
112 -1.3
113 -1.3
114 -1.3
115 -1.4
116 -1.4
117 -1.4
118 -1.4
119 -1.5
120 -1.5
121 -1.5
122 -1.5
123 -1.6
124 -1.6
125 -1.6
126 -1.6
127 -1.7
128 -1.7
129 -1.7
130 -1.7
131 -1.8
132 -1.8
133 -1.8
134 -1.8
135 -1.9
136 -1.9
137 -1.9
138 -1.9
139 -2.0
140 -2.0
141 -2.0
142 -2.0
143 -2.1
144 -2.1
145 -2.1
146 -2.1
147 -2.2
148 -2.2
149 -2.2
150 -2.2
151 -2.3
152 -2.3
153 -2.3
154 -2.3
155 -2.4
156 -2.4
157 -2.4
158 -2.4
159 -2.5
160 -2.5
161 -2.5
162 -2.5
163 -2.6
164 -2.6
165 -2.6
166 -2.6
167 -2.6
168 -2.7
169 -2.7
170 -2.7
171 -2.7
172 -2.8
173 -2.8
174 -2.8
175 -2.8
176 -2.9
177 -2.9
178 -2.9
179 -2.9
180 -2.9
181 -2.9
182 -3.0
183 -3.0
184 -3.0
185 -3.0
186 -3.0
187 -3.1
188 -3.1
189 -3.1
190 -3.1
191 -3.2
192 -3.2
193 -3.2
194 -3.2
195 -3.2
196 -3.2
197 -3.2
198 -3.2
199 -3.2
200 -3.2
201 -3.2
202 -3.1
203 -3.1
204 -3.1
205 -3.1
206 -3.1
207 -3.1
208 -3.0
209 -3.0
210 -2.9
211 -2.8
212 -2.8
213 -2.7
214 -2.6
215 -2.6
216 -2.5
217 -2.4
218 -2.3
219 -2.2
220 -2.0
221 -1.9
222 -1.8
223 -1.7
224 -1.5
225 -1.4
226 -1.2
227 -0.9
228 -0.8
229 -0.5
230 -0.3
231 0.0
232 0.3
233 0.6
234 1.0
235 1.4
236 1.8
237 2.1
238 2.5
239 2.9
240 3.2
241 3.6
242 4.0
243 4.4
244 4.8
245 5.3
246 5.6
247 6.0
248 6.5
249 6.9
250 7.4
251 7.9
252 8.4
253 8.8
254 9.4
255 9.8
256 10.3
257 10.7
258 11.1
259 11.5
260 12.1
261 12.5
262 13.0
263 13.5
264 14.0
265 14.4
266 14.8
267 15.3
268 15.7
269 16.2
270 16.5
271 16.9
272 17.3
273 17.7
274 18.1
275 18.5
276 18.9
277 19.2
278 19.6
279 20.0
280 20.3
281 20.6
282 20.9
283 21.2
284 21.4
285 21.7
286 21.9
287 22.1
288 22.2
289 22.4
290 22.5
291 22.7
292 22.8
293 23.0
294 23.1
295 23.2
296 23.3
297 23.4
298 23.5
299 23.7
300 23.8
301 23.9
302 24.0
303 24.0
304 24.1
305 24.2
306 24.2
307 24.3
308 24.3
309 24.4
310 24.4
311 24.4
312 24.5
313 24.5
314 24.5
315 24.5
316 24.5
317 24.5
318 24.6
319 24.6
320 24.6
321 24.6
322 24.6
323 24.6
324 24.6
325 24.6
326 24.7
327 24.7
328 24.7
329 24.7
330 24.7
331 24.7
332 24.7
333 24.7
334 24.7
335 24.7
336 24.7
337 24.7
338 24.7
339 24.7
340 24.7
341 24.7
342 24.7
343 24.7
344 24.7
345 24.7
346 24.7
347 24.7
348 24.7
349 24.7
350 24.7
351 24.7
352 24.7
353 24.7
354 24.7
355 24.7
356 24.7
357 24.7
358 24.7
359 24.7
360 24.7
361 24.7
362 24.7
363 24.7
364 24.7
365 24.7
366 24.7
367 24.7
368 24.7
369 24.7
370 24.7
371 24.7
372 24.7
373 24.7
374 24.7
375 24.7
376 24.7
377 24.7
378 24.7
379 24.7
380 24.7
381 24.7
382 24.7
383 24.7
384 24.7
385 24.7
386 24.7
387 24.7
388 24.7
389 24.7
390 24.7
391 24.7
392 24.7
393 24.7
394 24.7
395 24.7
396 24.7
397 24.7
398 24.7
399 24.7
400 24.7
401 24.7
