101 2.6
102 -16.7
103 -16.7
104 -16.6
105 -16.5
106 -16.4
107 -16.3
108 -16.2
109 -16.1
110 -16.1
111 -15.9
112 -15.8
113 -15.8
114 -15.7
115 -15.6
116 -15.5
117 -15.4
118 -15.3
119 -15.2
120 -15.1
121 -15.0
122 -14.9
123 -14.8
124 -14.7
125 -14.6
126 -14.5
127 -14.4
128 -14.3
129 -14.2
130 -14.0
131 -13.9
132 -13.8
133 -13.6
134 -13.5
135 -13.4
136 -13.3
137 -13.2
138 -13.1
139 -12.9
140 -12.8
141 -12.7
142 -12.6
143 -12.5
144 -12.3
145 -12.2
146 -12.1
147 -12.0
148 -11.9
149 -11.8
150 -11.7
151 -11.5
152 -11.4
153 -11.3
154 -11.2
155 -11.1
156 -11.0
157 -10.9
158 -10.8
159 -10.6
160 -10.5
161 -10.4
162 -10.3
163 -10.1
164 -10.1
165 -9.9
166 -9.8
167 -9.6
168 -9.5
169 -9.4
170 -9.3
171 -9.2
172 -9.1
173 -9.0
174 -8.9
175 -8.8
176 -8.7
177 -8.6
178 -8.5
179 -8.3
180 -8.2
181 -8.1
182 -8.0
183 -7.9
184 -7.8
185 -7.6
186 -7.5
187 -7.5
188 -7.3
189 -7.2
190 -7.1
191 -7.0
192 -6.9
193 -6.7
194 -6.6
195 -6.4
196 -6.3
197 -6.2
198 -6.1
199 -5.9
200 -5.9
201 -5.7
202 -5.5
203 -5.4
204 -5.2
205 -5.1
206 -5.0
207 -4.9
208 -4.7
209 -4.5
210 -4.4
211 -4.3
212 -4.2
213 -4.0
214 -3.9
215 -3.8
216 -3.7
217 -3.6
218 -3.5
219 -3.4
220 -3.2
221 -3.1
222 -3.1
223 -2.9
224 -2.7
225 -2.6
226 -2.5
227 -2.4
228 -2.3
229 -2.2
230 -2.1
231 -2.0
232 -1.8
233 -1.7
234 -1.6
235 -1.4
236 -1.3
237 -1.2
238 -1.0
239 -0.9
240 -0.7
241 -0.6
242 -0.5
243 -0.4
244 -0.3
245 -0.2
246 -0.1
247 0.1
248 0.2
249 0.3
250 0.5
251 0.6
252 0.8
253 0.9
254 1.0
255 1.1
256 1.2
257 1.3
258 1.5
259 1.6
260 1.8
261 1.9
262 2.0
263 2.2
264 2.3
265 2.5
266 2.6
267 2.7
268 2.8
269 2.9
270 3.0
271 3.1
272 3.2
273 3.3
274 3.5
275 3.5
276 3.7
277 3.8
278 3.9
279 4.0
280 4.1
281 4.2
282 4.4
283 4.5
284 4.7
285 4.8
286 4.9
287 5.0
288 5.1
289 5.2
290 5.3
291 5.5
292 5.5
293 5.6
294 5.8
295 5.9
296 6.0
297 6.1
298 6.2
299 6.3
300 6.4
301 6.5
302 6.6
303 6.7
304 6.7
305 6.8
306 6.9
307 7.0
308 7.1
309 7.2
310 7.3
311 7.4
312 7.5
313 7.5
314 7.6
315 7.7
316 7.7
317 7.8
318 7.8
319 7.9
320 7.9
321 8.0
322 8.0
323 8.1
324 8.1
325 8.2
326 8.3
327 8.3
328 8.4
329 8.4
330 8.5
331 8.6
332 8.6
333 8.6
334 8.7
335 8.7
336 8.8
337 8.8
338 8.8
339 8.9
340 8.9
341 8.9
342 9.0
343 9.0
344 9.0
345 9.0
346 9.1
347 9.1
348 9.1
349 9.1
350 9.2
351 9.2
352 9.2
353 9.2
354 9.2
355 9.2
356 9.3
357 9.3
358 9.3
359 9.3
360 9.3
361 9.3
362 9.3
363 9.4
364 9.4
365 9.4
366 9.4
367 9.4
368 9.4
369 9.4
370 9.4
371 9.4
372 9.4
373 9.5
374 9.5
375 9.5
376 9.5
377 9.5
378 9.5
379 9.5
380 9.5
381 9.5
382 9.5
383 9.5
384 9.5
385 9.5
386 9.5
387 9.5
388 9.5
389 9.5
390 9.5
391 9.5
392 9.5
393 9.5
394 9.5
395 9.5
396 9.5
397 9.5
398 9.5
399 9.5
400 9.5
401 9.5
