101 10.9
102 -8.8
103 -8.8
104 -8.9
105 -8.9
106 -8.9
107 -8.9
108 -9.0
109 -9.0
110 -9.0
111 -9.0
112 -9.1
113 -9.1
114 -9.1
115 -9.1
116 -9.2
117 -9.2
118 -9.2
119 -9.2
120 -9.3
121 -9.3
122 -9.3
123 -9.3
124 -9.4
125 -9.4
126 -9.4
127 -9.4
128 -9.5
129 -9.5
130 -9.5
131 -9.5
132 -9.6
133 -9.6
134 -9.6
135 -9.6
136 -9.7
137 -9.7
138 -9.7
139 -9.7
140 -9.8
141 -9.8
142 -9.8
143 -9.8
144 -9.8
145 -9.9
146 -9.9
147 -9.9
148 -9.9
149 -10.0
150 -10.0
151 -10.0
152 -10.0
153 -10.1
154 -10.1
155 -10.1
156 -10.1
157 -10.2
158 -10.2
159 -10.2
160 -10.2
161 -10.3
162 -10.3
163 -10.3
164 -10.3
165 -10.4
166 -10.4
167 -10.4
168 -10.4
169 -10.5
170 -10.5
171 -10.5
172 -10.5
173 -10.6
174 -10.6
175 -10.6
176 -10.6
177 -10.6
178 -10.7
179 -10.7
180 -10.7
181 -10.7
182 -10.7
183 -10.7
184 -10.8
185 -10.8
186 -10.8
187 -10.8
188 -10.9
189 -10.9
190 -10.9
191 -10.9
192 -10.9
193 -10.9
194 -10.9
195 -10.9
196 -10.9
197 -10.9
198 -10.9
199 -10.9
200 -10.9
201 -10.9
202 -10.9
203 -10.9
204 -10.9
205 -10.9
206 -10.8
207 -10.8
208 -10.8
209 -10.7
210 -10.7
211 -10.6
212 -10.5
213 -10.5
214 -10.4
215 -10.3
216 -10.2
217 -10.1
218 -10.1
219 -9.9
220 -9.8
221 -9.7
222 -9.6
223 -9.5
224 -9.3
225 -9.1
226 -8.9
227 -8.7
228 -8.5
229 -8.3
230 -8.1
231 -7.7
232 -7.4
233 -7.1
234 -6.8
235 -6.4
236 -6.0
237 -5.6
238 -5.2
239 -4.9
240 -4.5
241 -4.2
242 -3.7
243 -3.3
244 -2.9
245 -2.5
246 -2.1
247 -1.7
248 -1.3
249 -0.9
250 -0.4
251 0.1
252 0.6
253 1.1
254 1.6
255 2.0
256 2.6
257 2.9
258 3.3
259 3.8
260 4.3
261 4.8
262 5.2
263 5.7
264 6.2
265 6.6
266 7.0
267 7.5
268 7.9
269 8.4
270 8.8
271 9.2
272 9.5
273 10.0
274 10.3
275 10.7
276 11.1
277 11.5
278 11.9
279 12.2
280 12.5
281 12.8
282 13.1
283 13.4
284 13.7
285 13.9
286 14.1
287 14.3
288 14.5
289 14.6
290 14.7
291 14.9
292 15.1
293 15.2
294 15.3
295 15.4
296 15.5
297 15.7
298 15.8
299 15.9
300 16.0
301 16.1
302 16.2
303 16.3
304 16.3
305 16.4
306 16.5
307 16.5
308 16.6
309 16.6
310 16.6
311 16.7
312 16.7
313 16.7
314 16.7
315 16.8
316 16.8
317 16.8
318 16.8
319 16.8
320 16.8
321 16.8
322 16.8
323 16.8
324 16.9
325 16.9
326 16.9
327 16.9
328 16.9
329 16.9
330 16.9
331 16.9
332 16.9
333 16.9
334 16.9
335 16.9
336 16.9
337 16.9
338 16.9
339 16.9
340 16.9
341 16.9
342 16.9
343 16.9
344 16.9
345 16.9
346 16.9
347 16.9
348 16.9
349 16.9
350 16.9
351 17.0
352 17.0
353 17.0
354 17.0
355 17.0
356 17.0
357 17.0
358 17.0
359 17.0
360 17.0
361 17.0
362 17.0
363 17.0
364 17.0
365 17.0
366 17.0
367 17.0
368 17.0
369 17.0
370 17.0
371 17.0
372 17.0
373 17.0
374 17.0
375 17.0
376 17.0
377 17.0
378 17.0
379 17.0
380 17.0
381 17.0
382 17.0
383 17.0
384 17.0
385 17.0
386 17.0
387 17.0
388 17.0
389 17.0
390 17.0
391 17.0
392 17.0
393 17.0
394 17.0
395 17.0
396 17.0
397 17.0
398 17.0
399 17.0
400 17.0
401 17.0
