21 16.8
22 -5.3
23 -5.4
24 -5.4
25 -5.4
26 -5.4
27 -5.4
28 -5.4
29 -5.4
30 -5.5
31 -5.5
32 -5.5
33 -5.5
34 -5.5
35 -5.5
36 -5.5
37 -5.5
38 -5.5
39 -5.6
40 -5.6
41 -5.6
42 -5.6
43 -5.6
44 -5.6
45 -5.6
46 -5.6
47 -5.6
48 -5.5
49 -5.5
50 -5.5
51 -5.5
52 -5.5
53 -5.5
54 -5.5
55 -5.5
56 -5.4
57 -5.4
58 -5.4
59 -5.4
60 -5.4
61 -5.4
62 -5.4
63 -5.4
64 -5.3
65 -5.3
66 -5.3
67 -5.3
68 -5.3
69 -5.2
70 -5.2
71 -5.2
72 -5.1
73 -5.1
74 -5.0
75 -5.0
76 -5.0
77 -5.0
78 -4.9
79 -4.8
80 -4.8
81 -4.7
82 -4.6
83 -4.5
84 -4.4
85 -4.4
86 -4.3
87 -4.3
88 -4.2
89 -4.1
90 -4.1
91 -4.1
92 -4.0
93 -3.9
94 -3.9
95 -3.8
96 -3.7
97 -3.6
98 -3.5
99 -3.5
100 -3.4
101 -3.3
102 -3.2
103 -3.2
104 -3.2
105 -3.0
106 -2.9
107 -2.8
108 -2.7
109 -2.7
110 -2.6
111 -2.5
112 -2.4
113 -2.3
114 -2.2
115 -2.1
116 -2.0
117 -1.9
118 -1.8
119 -1.7
120 -1.7
121 -1.5
122 -1.4
123 -1.3
124 -1.2
125 -1.1
126 -1.0
127 -0.9
128 -0.8
129 -0.7
130 -0.5
131 -0.4
132 -0.3
133 -0.1
134 -0.0
135 0.1
136 0.2
137 0.3
138 0.4
139 0.5
140 0.7
141 0.8
142 0.9
143 1.0
144 1.1
145 1.3
146 1.4
147 1.5
148 1.6
149 1.7
150 1.8
151 2.0
152 2.1
153 2.2
154 2.3
155 2.4
156 2.5
157 2.6
158 2.7
159 2.9
160 3.0
161 3.1
162 3.2
163 3.3
164 3.4
165 3.6
166 3.7
167 3.8
168 4.0
169 4.1
170 4.2
171 4.3
172 4.4
173 4.5
174 4.6
175 4.7
176 4.8
177 4.9
178 5.0
179 5.2
180 5.3
181 5.4
182 5.5
183 5.6
184 5.7
185 5.9
186 6.0
187 6.0
188 6.2
189 6.3
190 6.4
191 6.5
192 6.6
193 6.8
194 6.9
195 7.0
196 7.2
197 7.2
198 7.4
199 7.5
200 7.6
201 7.8
202 8.0
203 8.1
204 8.3
205 8.4
206 8.5
207 8.6
208 8.8
209 9.0
210 9.1
211 9.2
212 9.3
213 9.5
214 9.6
215 9.7
216 9.8
217 9.9
218 10.0
219 10.1
220 10.3
221 10.3
222 10.4
223 10.6
224 10.8
225 10.9
226 10.9
227 11.1
228 11.2
229 11.3
230 11.4
231 11.5
232 11.7
233 11.8
234 11.9
235 12.1
236 12.2
237 12.3
238 12.5
239 12.6
240 12.8
241 12.9
242 13.0
243 13.1
244 13.2
245 13.3
246 13.4
247 13.6
248 13.7
249 13.8
250 14.0
251 14.1
252 14.3
253 14.4
254 14.5
255 14.6
256 14.7
257 14.8
258 15.0
259 15.1
260 15.2
261 15.4
262 15.5
263 15.7
264 15.8
265 16.0
266 16.1
267 16.2
268 16.3
269 16.4
270 16.5
271 16.6
272 16.7
273 16.8
274 17.0
275 17.0
276 17.2
277 17.3
278 17.4
279 17.5
280 17.6
281 17.7
282 17.9
283 18.0
284 18.2
285 18.3
286 18.4
287 18.5
288 18.6
289 18.7
290 18.8
291 19.0
292 19.0
293 19.1
294 19.3
295 19.4
296 19.5
297 19.6
298 19.7
299 19.8
300 19.9
301 20.0
302 20.1
303 20.2
304 20.2
305 20.3
306 20.4
307 20.5
308 20.6
309 20.7
310 20.8
311 20.9
312 21.0
313 21.0
314 21.1
315 21.2
316 21.2
317 21.3
318 21.3
319 21.4
320 21.4
321 21.5
322 21.5
323 21.6
324 21.6
325 21.7
326 21.8
327 21.8
328 21.9
329 21.9
330 22.0
331 22.1
332 22.1
333 22.1
334 22.2
335 22.2
336 22.2
337 22.3
338 22.3
339 22.4
340 22.4
341 22.4
342 22.5
343 22.5
344 22.5
345 22.5
346 22.6
347 22.6
348 22.6
349 22.6
350 22.7
351 22.7
352 22.7
353 22.7
354 22.7
355 22.7
356 22.8
357 22.8
358 22.8
359 22.8
360 22.8
361 22.8
362 22.8
363 22.9
364 22.9
365 22.9
366 22.9
367 22.9
368 22.9
369 22.9
370 22.9
371 22.9
372 22.9
373 22.9
374 23.0
375 23.0
376 23.0
377 23.0
378 23.0
379 23.0
380 23.0
381 23.0
382 23.0
383 23.0
384 23.0
385 23.0
386 23.0
387 23.0
388 23.0
389 23.0
390 23.0
391 23.0
392 23.0
393 23.0
394 23.0
395 23.0
396 23.0
397 23.0
398 23.0
399 23.0
400 23.0
401 23.0
