56 9.7
57 -11.9
58 -11.9
59 -11.9
60 -11.8
61 -11.8
62 -11.8
63 -11.8
64 -11.8
65 -11.7
66 -11.7
67 -11.7
68 -11.7
69 -11.7
70 -11.6
71 -11.6
72 -11.6
73 -11.5
74 -11.5
75 -11.5
76 -11.5
77 -11.4
78 -11.3
79 -11.3
80 -11.2
81 -11.1
82 -11.0
83 -10.9
84 -10.9
85 -10.8
86 -10.8
87 -10.7
88 -10.7
89 -10.6
90 -10.5
91 -10.5
92 -10.5
93 -10.4
94 -10.3
95 -10.2
96 -10.1
97 -10.1
98 -10.0
99 -9.9
100 -9.8
101 -9.8
102 -9.7
103 -9.6
104 -9.6
105 -9.5
106 -9.3
107 -9.3
108 -9.2
109 -9.1
110 -9.0
111 -8.9
112 -8.8
113 -8.7
114 -8.6
115 -8.6
116 -8.5
117 -8.4
118 -8.3
119 -8.2
120 -8.1
121 -8.0
122 -7.9
123 -7.7
124 -7.6
125 -7.5
126 -7.5
127 -7.3
128 -7.2
129 -7.1
130 -6.9
131 -6.8
132 -6.7
133 -6.6
134 -6.5
135 -6.3
136 -6.3
137 -6.1
138 -6.0
139 -5.9
140 -5.8
141 -5.6
142 -5.6
143 -5.4
144 -5.3
145 -5.2
146 -5.0
147 -4.9
148 -4.8
149 -4.7
150 -4.6
151 -4.5
152 -4.4
153 -4.3
154 -4.2
155 -4.1
156 -4.0
157 -3.8
158 -3.7
159 -3.6
160 -3.5
161 -3.4
162 -3.2
163 -3.1
164 -3.0
165 -2.8
166 -2.7
167 -2.6
168 -2.5
169 -2.3
170 -2.2
171 -2.1
172 -2.0
173 -1.9
174 -1.8
175 -1.7
176 -1.6
177 -1.5
178 -1.4
179 -1.3
180 -1.1
181 -1.0
182 -0.9
183 -0.8
184 -0.7
185 -0.6
186 -0.5
187 -0.4
188 -0.3
189 -0.1
190 -0.0
191 0.1
192 0.2
193 0.3
194 0.5
195 0.6
196 0.8
197 0.8
198 1.0
199 1.1
200 1.2
201 1.4
202 1.5
203 1.7
204 1.8
205 2.0
206 2.1
207 2.2
208 2.4
209 2.5
210 2.6
211 2.8
212 2.9
213 3.1
214 3.2
215 3.3
216 3.4
217 3.5
218 3.6
219 3.7
220 3.8
221 3.9
222 4.0
223 4.2
224 4.3
225 4.4
226 4.5
227 4.6
228 4.7
229 4.9
230 5.0
231 5.1
232 5.2
233 5.4
234 5.5
235 5.7
236 5.8
237 5.9
238 6.0
239 6.2
240 6.4
241 6.4
242 6.5
243 6.7
244 6.7
245 6.9
246 7.0
247 7.1
248 7.3
249 7.4
250 7.6
251 7.7
252 7.8
253 7.9
254 8.0
255 8.1
256 8.3
257 8.4
258 8.5
259 8.7
260 8.8
261 9.0
262 9.1
263 9.2
264 9.4
265 9.5
266 9.7
267 9.8
268 9.9
269 10.0
270 10.1
271 10.2
272 10.3
273 10.4
274 10.5
275 10.6
276 10.7
277 10.8
278 10.9
279 11.0
280 11.2
281 11.3
282 11.4
283 11.6
284 11.7
285 11.9
286 11.9
287 12.1
288 12.2
289 12.3
290 12.4
291 12.5
292 12.6
293 12.7
294 12.8
295 12.9
296 13.0
297 13.2
298 13.3
299 13.4
300 13.4
301 13.5
302 13.6
303 13.7
304 13.8
305 13.9
306 14.0
307 14.0
308 14.1
309 14.3
310 14.3
311 14.4
312 14.5
313 14.6
314 14.7
315 14.7
316 14.8
317 14.8
318 14.9
319 14.9
320 15.0
321 15.0
322 15.1
323 15.1
324 15.2
325 15.3
326 15.3
327 15.4
328 15.4
329 15.5
330 15.6
331 15.6
332 15.7
333 15.7
334 15.7
335 15.8
336 15.8
337 15.8
338 15.9
339 15.9
340 16.0
341 16.0
342 16.0
343 16.1
344 16.1
345 16.1
346 16.1
347 16.2
348 16.2
349 16.2
350 16.2
351 16.2
352 16.2
353 16.3
354 16.3
355 16.3
356 16.3
357 16.3
358 16.4
359 16.4
360 16.4
361 16.4
362 16.4
363 16.4
364 16.4
365 16.4
366 16.4
367 16.5
368 16.5
369 16.5
370 16.5
371 16.5
372 16.5
373 16.5
374 16.5
375 16.5
376 16.5
377 16.5
378 16.5
379 16.6
380 16.6
381 16.6
382 16.6
383 16.6
384 16.6
385 16.6
386 16.6
387 16.6
388 16.6
389 16.6
390 16.6
391 16.6
392 16.6
393 16.6
394 16.6
395 16.6
396 16.6
397 16.6
398 16.6
399 16.6
400 16.6
401 16.6
