21 26.7
22 6.9
23 6.9
24 6.9
25 6.9
26 6.9
27 6.8
28 6.8
29 6.8
30 6.8
31 6.7
32 6.7
33 6.7
34 6.7
35 6.6
36 6.6
37 6.6
38 6.6
39 6.5
40 6.5
41 6.5
42 6.5
43 6.4
44 6.4
45 6.4
46 6.4
47 6.3
48 6.3
49 6.3
50 6.3
51 6.2
52 6.2
53 6.2
54 6.2
55 6.1
56 6.1
57 6.1
58 6.1
59 6.0
60 6.0
61 6.0
62 6.0
63 5.9
64 5.9
65 5.9
66 5.9
67 5.8
68 5.8
69 5.8
70 5.8
71 5.7
72 5.7
73 5.7
74 5.7
75 5.6
76 5.6
77 5.6
78 5.6
79 5.5
80 5.5
81 5.5
82 5.5
83 5.5
84 5.4
85 5.4
86 5.4
87 5.4
88 5.3
89 5.3
90 5.3
91 5.3
92 5.2
93 5.2
94 5.2
95 5.2
96 5.1
97 5.1
98 5.1
99 5.1
100 5.0
101 5.0
102 5.0
103 5.0
104 4.9
105 4.9
106 4.9
107 4.9
108 4.8
109 4.8
110 4.8
111 4.8
112 4.7
113 4.7
114 4.7
115 4.7
116 4.6
117 4.6
118 4.6
119 4.6
120 4.5
121 4.5
122 4.5
123 4.5
124 4.4
125 4.4
126 4.4
127 4.4
128 4.3
129 4.3
130 4.3
131 4.3
132 4.2
133 4.2
134 4.2
135 4.2
136 4.1
137 4.1
138 4.1
139 4.1
140 4.1
141 4.0
142 4.0
143 4.0
144 4.0
145 3.9
146 3.9
147 3.9
148 3.9
149 3.8
150 3.8
151 3.8
152 3.8
153 3.7
154 3.7
155 3.7
156 3.7
157 3.6
158 3.6
159 3.6
160 3.6
161 3.5
162 3.5
163 3.5
164 3.5
165 3.4
166 3.4
167 3.4
168 3.4
169 3.3
170 3.3
171 3.3
172 3.3
173 3.2
174 3.2
175 3.2
176 3.2
177 3.2
178 3.1
179 3.1
180 3.1
181 3.1
182 3.1
183 3.1
184 3.0
185 3.0
186 3.0
187 3.0
188 2.9
189 2.9
190 2.9
191 2.9
192 2.9
193 2.9
194 2.9
195 2.9
196 2.9
197 2.9
198 2.9
199 2.9
200 2.9
201 2.9
202 2.9
203 2.9
204 2.9
205 2.9
206 3.0
207 3.0
208 3.0
209 3.1
210 3.1
211 3.2
212 3.3
213 3.3
214 3.4
215 3.5
216 3.6
217 3.7
218 3.7
219 3.9
220 4.0
221 4.1
222 4.2
223 4.3
224 4.5
225 4.7
226 4.9
227 5.1
228 5.3
229 5.5
230 5.7
231 6.1
232 6.4
233 6.7
234 7.0
235 7.4
236 7.8
237 8.2
238 8.6
239 8.9
240 9.3
241 9.7
242 10.1
243 10.5
244 10.9
245 11.3
246 11.7
247 12.1
248 12.5
249 12.9
250 13.4
251 13.9
252 14.4
253 14.9
254 15.4
255 15.8
256 16.4
257 16.7
258 17.1
259 17.6
260 18.1
261 18.6
262 19.0
263 19.5
264 20.0
265 20.4
266 20.8
267 21.3
268 21.7
269 22.2
270 22.6
271 23.0
272 23.3
273 23.8
274 24.1
275 24.5
276 24.9
277 25.3
278 25.7
279 26.0
280 26.3
281 26.6
282 26.9
283 27.2
284 27.5
285 27.7
286 27.9
287 28.1
288 28.3
289 28.4
290 28.5
291 28.7
292 28.9
293 29.0
294 29.1
295 29.2
296 29.3
297 29.5
298 29.6
299 29.7
300 29.8
301 29.9
302 30.0
303 30.1
304 30.1
305 30.2
306 30.3
307 30.3
308 30.4
309 30.4
310 30.4
311 30.5
312 30.5
313 30.5
314 30.5
315 30.6
316 30.6
317 30.6
318 30.6
319 30.6
320 30.6
321 30.6
322 30.6
323 30.6
324 30.7
325 30.7
326 30.7
327 30.7
328 30.7
329 30.7
330 30.7
331 30.7
332 30.7
333 30.7
334 30.7
335 30.7
336 30.7
337 30.7
338 30.7
339 30.7
340 30.7
341 30.7
342 30.7
343 30.7
344 30.7
345 30.7
346 30.7
347 30.7
348 30.7
349 30.7
350 30.7
351 30.8
352 30.8
353 30.8
354 30.8
355 30.8
356 30.8
357 30.8
358 30.8
359 30.8
360 30.8
361 30.8
362 30.8
363 30.8
364 30.8
365 30.8
366 30.8
367 30.8
368 30.8
369 30.8
370 30.8
371 30.8
372 30.8
373 30.8
374 30.8
375 30.8
376 30.8
377 30.8
378 30.8
379 30.8
380 30.8
381 30.8
382 30.8
383 30.8
384 30.8
385 30.8
386 30.8
387 30.8
388 30.8
389 30.8
390 30.8
391 30.8
392 30.8
393 30.8
394 30.8
395 30.8
396 30.8
397 30.8
398 30.8
399 30.8
400 30.8
401 30.8
