1 26.7
2 26.5
3 26.3
4 26.1
5 25.9
6 25.7
7 25.5
8 25.3
9 25.1
10 24.9
11 24.7
12 24.6
13 24.4
14 24.2
15 24.0
16 23.8
17 23.6
18 23.4
19 23.2
20 23.0
21 22.8
22 22.6
23 22.5
24 22.3
25 22.1
26 21.9
27 21.7
28 21.5
29 21.3
30 21.1
31 20.9
32 20.8
33 20.6
34 20.4
35 20.2
36 20.0
37 19.8
38 19.6
39 19.4
40 19.3
41 19.1
42 18.9
43 18.7
44 18.5
45 18.4
46 18.2
47 18.0
48 17.8
49 17.6
50 17.5
51 17.3
52 17.1
53 16.9
54 16.8
55 16.6
56 16.4
57 16.2
58 16.1
59 15.9
60 15.7
61 15.5
62 15.4
63 15.2
64 15.0
65 14.8
66 14.7
67 14.5
68 14.3
69 14.2
70 14.0
71 13.8
72 13.7
73 13.5
74 13.3
75 13.2
76 13.0
77 12.9
78 12.7
79 12.6
80 12.4
81 12.3
82 12.1
83 12.0
84 11.8
85 11.7
86 11.5
87 11.4
88 11.2
89 11.1
90 10.9
91 10.8
92 10.6
93 10.5
94 10.4
95 10.2
96 10.1
97 9.9
98 9.8
99 9.7
100 9.5
101 9.4
102 9.3
103 9.1
104 9.0
105 8.9
106 8.7
107 8.6
108 8.5
109 8.3
110 8.2
111 8.1
112 8.0
113 7.9
114 7.7
115 7.6
116 7.5
117 7.4
118 7.2
119 7.1
120 7.0
121 6.9
122 6.8
123 6.7
124 6.6
125 6.4
126 6.3
127 6.2
128 6.1
129 6.0
130 5.9
131 5.8
132 5.7
133 5.6
134 5.5
135 5.4
136 5.3
137 5.2
138 5.1
139 5.0
140 4.9
141 4.8
142 4.8
143 4.7
144 4.6
145 4.5
146 4.4
147 4.3
148 4.2
149 4.1
150 4.0
151 3.9
152 3.9
153 3.8
154 3.7
155 3.6
156 3.5
157 3.4
158 3.3
159 3.3
160 3.2
161 3.1
162 3.0
163 2.9
164 2.9
165 2.8
166 2.7
167 2.7
168 2.6
169 2.5
170 2.4
171 2.4
172 2.3
173 2.2
174 2.1
175 2.1
176 2.0
177 1.9
178 1.8
179 1.8
180 1.7
181 1.6
182 1.6
183 1.5
184 1.5
185 1.4
186 1.3
187 1.3
188 1.2
189 1.1
190 1.1
191 1.0
192 1.0
193 0.9
194 0.9
195 0.8
196 0.7
197 0.7
198 0.7
199 0.6
200 0.6
201 0.5
202 0.5
203 0.5
204 0.4
205 0.4
206 0.3
207 0.3
208 0.3
209 0.2
210 0.2
211 0.1
212 0.1
213 0.1
214 0.0
215 -0.0
216 -0.1
217 -0.1
218 -0.1
219 -0.2
220 -0.2
221 -0.3
222 -0.3
223 -0.3
224 -0.3
225 -0.4
226 -0.4
227 -0.4
228 -0.5
229 -0.5
230 -0.5
231 -0.5
232 -0.6
233 -0.6
234 -0.6
235 -0.6
236 -0.6
237 -0.7
238 -0.7
239 -0.7
240 -0.7
241 -0.7
242 -0.8
243 -0.8
244 -0.8
245 -0.8
246 -0.8
247 -0.8
248 -0.8
249 -0.8
250 -0.8
251 -0.8
252 -0.9
253 -0.9
254 -0.9
255 -0.9
256 -0.9
257 -0.9
258 -0.9
259 -0.9
260 -0.9
261 -0.9
262 -0.9
263 -0.9
264 -0.9
265 -0.9
266 -0.9
267 -0.9
268 -0.9
269 -0.9
270 -0.9
271 -0.9
272 -0.9
273 -0.9
274 -0.9
275 -0.9
276 -0.9
277 -0.9
278 -0.9
279 -0.9
280 -0.9
281 -0.9
282 -0.8
283 -0.8
284 -0.8
285 -0.8
286 -0.8
287 -0.8
288 -0.8
289 -0.7
290 -0.7
291 -0.7
292 -0.7
293 -0.7
294 -0.7
295 -0.7
296 -0.6
297 -0.6
298 -0.6
299 -0.6
300 -0.6
301 -0.6
302 -0.6
303 -0.6
304 -0.5
305 -0.5
306 -0.5
307 -0.5
308 -0.5
309 -0.5
310 -0.4
311 -0.4
312 -0.4
313 -0.4
314 -0.4
315 -0.4
316 -0.4
317 -0.4
318 -0.4
319 -0.4
320 -0.3
321 -0.3
322 -0.3
323 -0.3
324 -0.3
325 -0.3
326 -0.3
327 -0.3
328 -0.3
329 -0.2
330 -0.2
331 -0.2
332 -0.2
333 -0.2
334 -0.2
335 -0.2
336 -0.2
337 -0.2
338 -0.2
339 -0.2
340 -0.1
341 -0.1
342 -0.1
343 -0.1
344 -0.1
345 -0.1
346 -0.1
347 -0.1
348 -0.1
349 -0.1
350 -0.1
351 -0.1
352 -0.1
353 -0.1
354 -0.1
355 -0.1
356 -0.1
357 -0.1
358 -0.0
359 -0.0
360 -0.0
361 -0.0
362 -0.0
363 -0.0
364 -0.0
365 -0.0
366 -0.0
367 -0.0
368 -0.0
369 -0.0
370 -0.0
371 -0.0
372 -0.0
373 -0.0
374 -0.0
375 -0.0
376 -0.0
377 -0.0
378 -0.0
379 -0.0
380 -0.0
381 -0.0
382 -0.0
383 -0.0
384 -0.0
385 -0.0
386 -0.0
387 -0.0
388 -0.0
389 -0.0
390 -0.0
391 -0.0
392 -0.0
393 0.0
394 0.0
395 0.0
396 0.0
397 0.0
398 0.0
399 0.0
400 0.0
