21 -10.7
22 -31.7
23 -31.1
24 -30.5
25 -29.9
26 -29.3
27 -28.7
28 -28.2
29 -27.6
30 -27.3
31 -26.8
32 -26.3
33 -25.8
34 -25.2
35 -24.7
36 -24.2
37 -23.7
38 -23.2
39 -22.9
40 -22.4
41 -22.0
42 -21.6
43 -21.2
44 -20.9
45 -20.5
46 -20.2
47 -19.8
48 -19.3
49 -19.0
50 -18.7
51 -18.4
52 -18.1
53 -17.8
54 -17.3
55 -17.0
56 -16.8
57 -16.5
58 -16.2
59 -15.9
60 -15.6
61 -15.3
62 -15.0
63 -14.7
64 -14.4
65 -14.1
66 -13.8
67 -13.5
68 -13.3
69 -13.1
70 -12.9
71 -12.8
72 -12.5
73 -12.2
74 -12.1
75 -11.8
76 -11.7
77 -11.5
78 -11.3
79 -11.2
80 -10.9
81 -10.7
82 -10.4
83 -10.1
84 -10.0
85 -9.8
86 -9.7
87 -9.5
88 -9.3
89 -9.2
90 -9.1
91 -8.9
92 -8.8
93 -8.6
94 -8.5
95 -8.4
96 -8.2
97 -8.0
98 -7.9
99 -7.7
100 -7.5
101 -7.4
102 -7.3
103 -7.2
104 -7.1
105 -7.0
106 -6.9
107 -6.7
108 -6.7
109 -6.6
110 -6.5
111 -6.4
112 -6.3
113 -6.2
114 -6.1
115 -6.0
116 -6.0
117 -5.9
118 -5.8
119 -5.7
120 -5.6
121 -5.5
122 -5.4
123 -5.3
124 -5.2
125 -5.1
126 -5.1
127 -5.0
128 -4.9
129 -4.9
130 -4.8
131 -4.7
132 -4.7
133 -4.6
134 -4.6
135 -4.5
136 -4.4
137 -4.4
138 -4.3
139 -4.2
140 -4.1
141 -4.1
142 -4.0
143 -4.0
144 -3.9
145 -3.9
146 -3.8
147 -3.7
148 -3.7
149 -3.7
150 -3.7
151 -3.6
152 -3.6
153 -3.6
154 -3.5
155 -3.5
156 -3.4
157 -3.4
158 -3.4
159 -3.3
160 -3.3
161 -3.3
162 -3.2
163 -3.2
164 -3.1
165 -3.0
166 -3.0
167 -3.0
168 -3.0
169 -3.0
170 -2.9
171 -2.9
172 -2.9
173 -2.9
174 -2.8
175 -2.8
176 -2.8
177 -2.8
178 -2.7
179 -2.7
180 -2.7
181 -2.7
182 -2.6
183 -2.6
184 -2.6
185 -2.6
186 -2.5
187 -2.5
188 -2.5
189 -2.5
190 -2.5
191 -2.5
192 -2.4
193 -2.4
194 -2.4
195 -2.4
196 -2.4
197 -2.4
198 -2.3
199 -2.3
200 -2.3
201 -2.3
202 -2.2
203 -2.2
204 -2.2
205 -2.1
206 -2.1
207 -2.1
208 -2.1
209 -2.1
210 -2.0
211 -2.0
212 -2.0
213 -2.0
214 -2.0
215 -2.0
216 -1.9
217 -1.9
218 -1.9
219 -1.8
220 -1.8
221 -1.8
222 -1.8
223 -1.8
224 -1.8
225 -1.7
226 -1.7
227 -1.7
228 -1.7
229 -1.7
230 -1.6
231 -1.6
232 -1.6
233 -1.6
234 -1.6
235 -1.6
236 -1.6
237 -1.6
238 -1.6
239 -1.6
240 -1.6
241 -1.6
242 -1.6
243 -1.6
244 -1.5
245 -1.5
246 -1.5
247 -1.5
248 -1.5
249 -1.5
250 -1.5
251 -1.5
252 -1.5
253 -1.5
254 -1.5
255 -1.5
256 -1.5
257 -1.5
258 -1.5
259 -1.5
260 -1.5
261 -1.5
262 -1.5
263 -1.5
264 -1.5
265 -1.5
266 -1.5
267 -1.5
268 -1.5
269 -1.4
270 -1.4
271 -1.4
272 -1.4
273 -1.4
274 -1.4
275 -1.4
276 -1.4
277 -1.4
278 -1.4
279 -1.4
280 -1.4
281 -1.4
282 -1.4
283 -1.4
284 -1.4
285 -1.4
286 -1.4
287 -1.4
288 -1.4
289 -1.4
290 -1.4
291 -1.4
292 -1.4
293 -1.4
294 -1.4
295 -1.4
296 -1.4
297 -1.4
298 -1.4
299 -1.4
300 -1.4
301 -1.4
302 -1.4
303 -1.4
304 -1.4
305 -1.4
306 -1.4
307 -1.4
308 -1.4
309 -1.4
310 -1.4
311 -1.4
312 -1.4
313 -1.4
314 -1.3
315 -1.3
316 -1.3
317 -1.3
318 -1.3
319 -1.3
320 -1.3
321 -1.3
322 -1.3
323 -1.3
324 -1.3
325 -1.3
326 -1.3
327 -1.3
328 -1.3
329 -1.3
330 -1.3
331 -1.3
332 -1.3
333 -1.3
334 -1.3
335 -1.3
336 -1.3
337 -1.3
338 -1.3
339 -1.3
340 -1.3
341 -1.3
342 -1.3
343 -1.3
344 -1.3
345 -1.3
346 -1.3
347 -1.3
348 -1.3
349 -1.3
350 -1.3
351 -1.3
352 -1.3
353 -1.3
354 -1.3
355 -1.3
356 -1.3
357 -1.3
358 -1.3
359 -1.3
360 -1.3
361 -1.3
362 -1.3
363 -1.3
364 -1.3
365 -1.3
366 -1.3
367 -1.3
368 -1.3
369 -1.3
370 -1.3
371 -1.3
372 -1.3
373 -1.3
374 -1.3
375 -1.3
376 -1.3
377 -1.3
378 -1.3
379 -1.3
380 -1.3
381 -1.3
382 -1.3
383 -1.3
384 -1.3
385 -1.3
386 -1.3
387 -1.3
388 -1.3
389 -1.3
390 -1.3
391 -1.3
392 -1.3
393 -1.3
394 -1.3
395 -1.3
396 -1.3
397 -1.3
398 -1.3
399 -1.3
400 -1.3
401 -1.3
