56 -5.4
57 -15.9
58 -15.6
59 -15.3
60 -15.0
61 -14.7
62 -14.4
63 -14.1
64 -13.8
65 -13.5
66 -13.2
67 -12.9
68 -12.7
69 -12.5
70 -12.3
71 -12.2
72 -11.9
73 -11.6
74 -11.5
75 -11.2
76 -11.1
77 -10.9
78 -10.7
79 -10.6
80 -10.3
81 -10.1
82 -9.8
83 -9.5
84 -9.4
85 -9.2
86 -9.1
87 -8.9
88 -8.7
89 -8.6
90 -8.5
91 -8.3
92 -8.2
93 -8.0
94 -7.9
95 -7.8
96 -7.6
97 -7.4
98 -7.3
99 -7.1
100 -6.9
101 -6.8
102 -6.7
103 -6.6
104 -6.5
105 -6.4
106 -6.3
107 -6.1
108 -6.1
109 -6.0
110 -5.9
111 -5.8
112 -5.7
113 -5.6
114 -5.5
115 -5.4
116 -5.4
117 -5.3
118 -5.2
119 -5.1
120 -5.0
121 -4.9
122 -4.8
123 -4.7
124 -4.6
125 -4.5
126 -4.5
127 -4.4
128 -4.3
129 -4.3
130 -4.2
131 -4.1
132 -4.1
133 -4.0
134 -4.0
135 -3.9
136 -3.8
137 -3.8
138 -3.7
139 -3.6
140 -3.5
141 -3.5
142 -3.4
143 -3.4
144 -3.3
145 -3.3
146 -3.2
147 -3.1
148 -3.1
149 -3.1
150 -3.1
151 -3.0
152 -3.0
153 -3.0
154 -2.9
155 -2.9
156 -2.8
157 -2.8
158 -2.8
159 -2.7
160 -2.7
161 -2.7
162 -2.6
163 -2.6
164 -2.5
165 -2.4
166 -2.4
167 -2.4
168 -2.4
169 -2.4
170 -2.3
171 -2.3
172 -2.3
173 -2.3
174 -2.2
175 -2.2
176 -2.2
177 -2.2
178 -2.1
179 -2.1
180 -2.1
181 -2.1
182 -2.0
183 -2.0
184 -2.0
185 -2.0
186 -1.9
187 -1.9
188 -1.9
189 -1.9
190 -1.9
191 -1.9
192 -1.8
193 -1.8
194 -1.8
195 -1.8
196 -1.8
197 -1.8
198 -1.7
199 -1.7
200 -1.7
201 -1.7
202 -1.6
203 -1.6
204 -1.6
205 -1.5
206 -1.5
207 -1.5
208 -1.5
209 -1.5
210 -1.4
211 -1.4
212 -1.4
213 -1.4
214 -1.4
215 -1.4
216 -1.3
217 -1.3
218 -1.3
219 -1.2
220 -1.2
221 -1.2
222 -1.2
223 -1.2
224 -1.2
225 -1.1
226 -1.1
227 -1.1
228 -1.1
229 -1.1
230 -1.0
231 -1.0
232 -1.0
233 -1.0
234 -1.0
235 -1.0
236 -1.0
237 -1.0
238 -1.0
239 -1.0
240 -1.0
241 -1.0
242 -1.0
243 -1.0
244 -0.9
245 -0.9
246 -0.9
247 -0.9
248 -0.9
249 -0.9
250 -0.9
251 -0.9
252 -0.9
253 -0.9
254 -0.9
255 -0.9
256 -0.9
257 -0.9
258 -0.9
259 -0.9
260 -0.9
261 -0.9
262 -0.9
263 -0.9
264 -0.9
265 -0.9
266 -0.9
267 -0.9
268 -0.9
269 -0.8
270 -0.8
271 -0.8
272 -0.8
273 -0.8
274 -0.8
275 -0.8
276 -0.8
277 -0.8
278 -0.8
279 -0.8
280 -0.8
281 -0.8
282 -0.8
283 -0.8
284 -0.8
285 -0.8
286 -0.8
287 -0.8
288 -0.8
289 -0.8
290 -0.8
291 -0.8
292 -0.8
293 -0.8
294 -0.8
295 -0.8
296 -0.8
297 -0.8
298 -0.8
299 -0.8
300 -0.8
301 -0.8
302 -0.8
303 -0.8
304 -0.8
305 -0.8
306 -0.8
307 -0.8
308 -0.8
309 -0.8
310 -0.8
311 -0.8
312 -0.8
313 -0.8
314 -0.7
315 -0.7
316 -0.7
317 -0.7
318 -0.7
319 -0.7
320 -0.7
321 -0.7
322 -0.7
323 -0.7
324 -0.7
325 -0.7
326 -0.7
327 -0.7
328 -0.7
329 -0.7
330 -0.7
331 -0.7
332 -0.7
333 -0.7
334 -0.7
335 -0.7
336 -0.7
337 -0.7
338 -0.7
339 -0.7
340 -0.7
341 -0.7
342 -0.7
343 -0.7
344 -0.7
345 -0.7
346 -0.7
347 -0.7
348 -0.7
349 -0.7
350 -0.7
351 -0.7
352 -0.7
353 -0.7
354 -0.7
355 -0.7
356 -0.7
357 -0.7
358 -0.7
359 -0.7
360 -0.7
361 -0.7
362 -0.7
363 -0.7
364 -0.7
365 -0.7
366 -0.7
367 -0.7
368 -0.7
369 -0.7
370 -0.7
371 -0.7
372 -0.7
373 -0.7
374 -0.7
375 -0.7
376 -0.7
377 -0.7
378 -0.7
379 -0.7
380 -0.7
381 -0.7
382 -0.7
383 -0.7
384 -0.7
385 -0.7
386 -0.7
387 -0.7
388 -0.7
389 -0.7
390 -0.7
391 -0.7
392 -0.7
393 -0.7
394 -0.7
395 -0.7
396 -0.7
397 -0.7
398 -0.7
399 -0.7
400 -0.7
401 -0.7
