101 -2.1
102 -6.3
103 -6.2
104 -6.1
105 -6.0
106 -5.9
107 -5.7
108 -5.6
109 -5.5
110 -5.5
111 -5.3
112 -5.3
113 -5.2
114 -5.0
115 -5.0
116 -4.9
117 -4.8
118 -4.7
119 -4.6
120 -4.6
121 -4.5
122 -4.4
123 -4.3
124 -4.2
125 -4.1
126 -4.0
127 -3.9
128 -3.8
129 -3.8
130 -3.7
131 -3.7
132 -3.6
133 -3.6
134 -3.5
135 -3.4
136 -3.4
137 -3.3
138 -3.2
139 -3.1
140 -3.1
141 -3.0
142 -3.0
143 -2.9
144 -2.9
145 -2.8
146 -2.7
147 -2.7
148 -2.7
149 -2.7
150 -2.6
151 -2.6
152 -2.5
153 -2.5
154 -2.5
155 -2.4
156 -2.4
157 -2.4
158 -2.3
159 -2.3
160 -2.3
161 -2.2
162 -2.2
163 -2.1
164 -2.0
165 -2.0
166 -2.0
167 -2.0
168 -1.9
169 -1.9
170 -1.9
171 -1.9
172 -1.8
173 -1.8
174 -1.8
175 -1.8
176 -1.8
177 -1.7
178 -1.7
179 -1.6
180 -1.6
181 -1.6
182 -1.6
183 -1.5
184 -1.5
185 -1.5
186 -1.5
187 -1.4
188 -1.4
189 -1.4
190 -1.4
191 -1.4
192 -1.4
193 -1.4
194 -1.4
195 -1.4
196 -1.3
197 -1.3
198 -1.3
199 -1.2
200 -1.2
201 -1.2
202 -1.2
203 -1.2
204 -1.2
205 -1.1
206 -1.1
207 -1.0
208 -1.0
209 -1.0
210 -1.0
211 -1.0
212 -1.0
213 -1.0
214 -0.9
215 -0.9
216 -0.9
217 -0.9
218 -0.8
219 -0.8
220 -0.8
221 -0.8
222 -0.7
223 -0.7
224 -0.7
225 -0.7
226 -0.7
227 -0.7
228 -0.6
229 -0.6
230 -0.6
231 -0.6
232 -0.6
233 -0.6
234 -0.6
235 -0.6
236 -0.6
237 -0.5
238 -0.5
239 -0.5
240 -0.5
241 -0.5
242 -0.5
243 -0.5
244 -0.5
245 -0.5
246 -0.5
247 -0.5
248 -0.5
249 -0.5
250 -0.5
251 -0.5
252 -0.5
253 -0.5
254 -0.5
255 -0.5
256 -0.5
257 -0.5
258 -0.5
259 -0.5
260 -0.5
261 -0.4
262 -0.4
263 -0.4
264 -0.4
265 -0.4
266 -0.4
267 -0.4
268 -0.4
269 -0.4
270 -0.4
271 -0.4
272 -0.4
273 -0.4
274 -0.4
275 -0.4
276 -0.4
277 -0.4
278 -0.4
279 -0.4
280 -0.4
281 -0.4
282 -0.3
283 -0.3
284 -0.3
285 -0.3
286 -0.3
287 -0.3
288 -0.3
289 -0.3
290 -0.3
291 -0.3
292 -0.3
293 -0.3
294 -0.3
295 -0.3
296 -0.3
297 -0.3
298 -0.3
299 -0.3
300 -0.3
301 -0.3
302 -0.3
303 -0.3
304 -0.3
305 -0.3
306 -0.3
307 -0.3
308 -0.3
309 -0.3
310 -0.3
311 -0.3
312 -0.3
313 -0.3
314 -0.3
315 -0.3
316 -0.3
317 -0.3
318 -0.3
319 -0.3
320 -0.3
321 -0.3
322 -0.3
323 -0.3
324 -0.3
325 -0.3
326 -0.3
327 -0.3
328 -0.3
329 -0.3
330 -0.3
331 -0.3
332 -0.3
333 -0.3
334 -0.3
335 -0.3
336 -0.3
337 -0.3
338 -0.3
339 -0.3
340 -0.3
341 -0.3
342 -0.3
343 -0.3
344 -0.3
345 -0.3
346 -0.3
347 -0.3
348 -0.3
349 -0.3
350 -0.3
351 -0.3
352 -0.3
353 -0.3
354 -0.3
355 -0.3
356 -0.3
357 -0.3
358 -0.3
359 -0.3
360 -0.3
361 -0.3
362 -0.3
363 -0.3
364 -0.3
365 -0.3
366 -0.3
367 -0.3
368 -0.3
369 -0.3
370 -0.3
371 -0.3
372 -0.3
373 -0.3
374 -0.3
375 -0.3
376 -0.3
377 -0.3
378 -0.3
379 -0.3
380 -0.3
381 -0.3
382 -0.3
383 -0.3
384 -0.3
385 -0.3
386 -0.3
387 -0.3
388 -0.3
389 -0.3
390 -0.3
391 -0.3
392 -0.3
393 -0.3
394 -0.3
395 -0.3
396 -0.3
397 -0.3
398 -0.3
399 -0.3
400 -0.3
401 -0.3
