1 -2.0
2 -2.0
3 -1.9
4 -1.9
5 -1.8
6 -1.8
7 -1.7
8 -1.7
9 -1.7
10 -1.6
11 -1.5
12 -1.5
13 -1.4
14 -1.4
15 -1.4
16 -1.4
17 -1.4
18 -1.3
19 -1.3
20 -1.3
21 -1.3
22 -1.3
23 -1.2
24 -1.2
25 -1.2
26 -1.2
27 -1.2
28 -1.1
29 -1.1
30 -1.1
31 -1.1
32 -1.1
33 -1.0
34 -1.0
35 -1.0
36 -0.9
37 -0.9
38 -0.9
39 -0.9
40 -0.9
41 -0.9
42 -0.8
43 -0.9
44 -0.8
45 -0.8
46 -0.8
47 -0.8
48 -0.8
49 -0.8
50 -0.8
51 -0.8
52 -0.8
53 -0.7
54 -0.7
55 -0.7
56 -0.7
57 -0.7
58 -0.7
59 -0.7
60 -0.6
61 -0.6
62 -0.6
63 -0.6
64 -0.6
65 -0.5
66 -0.5
67 -0.5
68 -0.5
69 -0.5
70 -0.5
71 -0.5
72 -0.5
73 -0.5
74 -0.5
75 -0.5
76 -0.5
77 -0.5
78 -0.5
79 -0.5
80 -0.5
81 -0.4
82 -0.4
83 -0.4
84 -0.4
85 -0.4
86 -0.4
87 -0.4
88 -0.4
89 -0.4
90 -0.4
91 -0.4
92 -0.4
93 -0.4
94 -0.3
95 -0.3
96 -0.3
97 -0.3
98 -0.3
99 -0.3
100 -0.3
101 -0.3
102 -0.3
103 -0.3
104 -0.3
105 -0.3
106 -0.2
107 -0.3
108 -0.3
109 -0.3
110 -0.2
111 -0.3
112 -0.2
113 -0.2
114 -0.2
115 -0.2
116 -0.2
117 -0.2
118 -0.2
119 -0.2
120 -0.2
121 -0.2
122 -0.2
123 -0.2
124 -0.2
125 -0.2
126 -0.2
127 -0.2
128 -0.2
129 -0.2
130 -0.2
131 -0.2
132 -0.2
133 -0.2
134 -0.2
135 -0.2
136 -0.2
137 -0.2
138 -0.1
139 -0.2
140 -0.1
141 -0.1
142 -0.1
143 -0.2
144 -0.2
145 -0.1
146 -0.1
147 -0.1
148 -0.1
149 -0.1
150 -0.2
151 -0.2
152 -0.2
153 -0.1
154 -0.2
155 -0.2
156 -0.2
157 -0.1
158 -0.1
159 -0.2
160 -0.1
161 -0.2
162 -0.1
163 -0.1
164 -0.1
165 -0.1
166 -0.1
167 -0.1
168 -0.1
169 -0.1
170 -0.1
171 -0.1
172 -0.1
173 -0.1
174 -0.1
175 -0.1
176 -0.1
177 -0.1
178 -0.1
179 -0.1
180 -0.1
181 -0.1
182 -0.1
183 -0.1
184 -0.1
185 -0.1
186 -0.1
187 -0.1
188 -0.1
189 -0.1
190 -0.1
191 -0.1
192 -0.1
193 -0.1
194 -0.1
195 -0.1
196 -0.1
197 -0.1
198 -0.1
199 -0.1
200 -0.1
