56 -15.7
57 -43.8
58 -43.8
59 -43.7
60 -43.6
61 -43.4
62 -43.3
63 -43.2
64 -43.0
65 -42.9
66 -42.7
67 -42.5
68 -42.3
69 -42.0
70 -41.8
71 -41.7
72 -41.4
73 -41.1
74 -40.7
75 -40.3
76 -39.9
77 -39.4
78 -39.0
79 -38.6
80 -38.1
81 -37.5
82 -36.9
83 -36.5
84 -35.8
85 -35.1
86 -34.6
87 -34.0
88 -33.3
89 -32.5
90 -31.8
91 -31.0
92 -30.2
93 -29.6
94 -28.7
95 -27.8
96 -27.0
97 -26.1
98 -25.0
99 -24.3
100 -23.4
101 -22.5
102 -21.6
103 -20.7
104 -19.9
105 -19.2
106 -18.5
107 -17.7
108 -16.9
109 -16.3
110 -15.5
111 -14.9
112 -14.1
113 -13.4
114 -12.8
115 -12.1
116 -11.6
117 -10.9
118 -10.4
119 -9.9
120 -9.4
121 -9.0
122 -8.5
123 -8.1
124 -7.8
125 -7.3
126 -6.9
127 -6.6
128 -6.3
129 -6.0
130 -5.8
131 -5.5
132 -5.2
133 -5.1
134 -4.9
135 -4.6
136 -4.5
137 -4.4
138 -4.3
139 -4.1
140 -4.0
141 -3.9
142 -3.8
143 -3.8
144 -3.7
145 -3.6
146 -3.6
147 -3.5
148 -3.4
149 -3.4
150 -3.4
151 -3.3
152 -3.3
153 -3.3
154 -3.3
155 -3.3
156 -3.3
157 -3.2
158 -3.2
159 -3.2
160 -3.2
161 -3.2
162 -3.2
163 -3.2
164 -3.2
165 -3.2
166 -3.2
167 -3.2
168 -3.2
169 -3.2
170 -3.2
171 -3.2
172 -3.2
173 -3.2
174 -3.2
175 -3.2
176 -3.2
177 -3.2
178 -3.2
179 -3.2
180 -3.2
181 -3.2
182 -3.2
183 -3.2
184 -3.2
185 -3.2
186 -3.2
187 -3.2
188 -3.2
189 -3.2
190 -3.2
191 -3.2
192 -3.2
193 -3.2
194 -3.2
195 -3.2
196 -3.2
197 -3.2
198 -3.2
199 -3.2
200 -3.2
201 -3.2
202 -3.2
203 -3.2
204 -3.2
205 -3.2
206 -3.2
207 -3.2
208 -3.2
209 -3.2
210 -3.2
211 -3.2
212 -3.2
213 -3.2
214 -3.2
215 -3.2
216 -3.2
217 -3.2
218 -3.2
219 -3.2
220 -3.2
221 -3.2
222 -3.2
223 -3.2
224 -3.2
225 -3.2
226 -3.2
227 -3.2
228 -3.2
229 -3.2
230 -3.2
231 -3.2
232 -3.2
233 -3.2
234 -3.2
235 -3.2
236 -3.2
237 -3.2
238 -3.2
239 -3.2
240 -3.2
241 -3.2
242 -3.2
243 -3.2
244 -3.2
245 -3.2
246 -3.2
247 -3.2
248 -3.2
249 -3.2
250 -3.2
251 -3.2
252 -3.2
253 -3.2
254 -3.2
255 -3.2
256 -3.2
257 -3.2
258 -3.2
259 -3.2
260 -3.2
261 -3.2
262 -3.2
263 -3.2
264 -3.2
265 -3.2
266 -3.2
267 -3.2
268 -3.2
269 -3.2
270 -3.2
271 -3.2
272 -3.2
273 -3.2
274 -3.2
275 -3.2
276 -3.2
277 -3.2
278 -3.2
279 -3.2
280 -3.2
281 -3.2
282 -3.2
283 -3.2
284 -3.2
285 -3.2
286 -3.2
287 -3.2
288 -3.2
289 -3.2
290 -3.2
291 -3.2
292 -3.2
293 -3.2
294 -3.2
295 -3.2
296 -3.2
297 -3.2
298 -3.2
299 -3.2
300 -3.2
301 -3.2
302 -3.2
303 -3.2
304 -3.2
305 -3.2
306 -3.2
307 -3.2
308 -3.2
309 -3.2
310 -3.2
311 -3.2
312 -3.2
313 -3.2
314 -3.2
315 -3.2
316 -3.2
317 -3.2
318 -3.2
319 -3.2
320 -3.2
321 -3.2
322 -3.2
323 -3.2
324 -3.2
325 -3.2
326 -3.2
327 -3.2
328 -3.2
329 -3.2
330 -3.2
331 -3.2
332 -3.2
333 -3.2
334 -3.2
335 -3.2
336 -3.2
337 -3.2
338 -3.2
339 -3.2
340 -3.2
341 -3.2
342 -3.2
343 -3.2
344 -3.2
345 -3.2
346 -3.2
347 -3.2
348 -3.2
349 -3.2
350 -3.2
351 -3.2
352 -3.2
353 -3.2
354 -3.2
355 -3.2
356 -3.2
357 -3.2
358 -3.2
359 -3.2
360 -3.2
361 -3.2
362 -3.2
363 -3.2
364 -3.2
365 -3.2
366 -3.2
367 -3.2
368 -3.2
369 -3.2
370 -3.2
371 -3.2
372 -3.2
373 -3.2
374 -3.2
375 -3.2
376 -3.2
377 -3.2
378 -3.2
379 -3.2
380 -3.2
381 -3.2
382 -3.2
383 -3.2
384 -3.2
385 -3.2
386 -3.2
387 -3.2
388 -3.2
389 -3.2
390 -3.2
391 -3.2
392 -3.2
393 -3.2
394 -3.2
395 -3.2
396 -3.2
397 -3.2
398 -3.2
399 -3.2
400 -3.2
401 -3.2
