21 -6.1
22 -34.8
23 -34.8
24 -34.8
25 -34.8
26 -34.9
27 -34.9
28 -35.0
29 -35.0
30 -35.0
31 -35.1
32 -35.1
33 -35.1
34 -35.2
35 -35.2
36 -35.2
37 -35.3
38 -35.3
39 -35.3
40 -35.3
41 -35.4
42 -35.4
43 -35.4
44 -35.4
45 -35.4
46 -35.4
47 -35.4
48 -35.4
49 -35.4
50 -35.4
51 -35.5
52 -35.4
53 -35.4
54 -35.4
55 -35.4
56 -35.4
57 -35.3
58 -35.3
59 -35.2
60 -35.0
61 -34.9
62 -34.8
63 -34.6
64 -34.5
65 -34.4
66 -34.2
67 -34.0
68 -33.8
69 -33.5
70 -33.3
71 -33.1
72 -32.8
73 -32.5
74 -32.2
75 -31.7
76 -31.3
77 -30.9
78 -30.4
79 -30.1
80 -29.6
81 -29.0
82 -28.4
83 -27.9
84 -27.2
85 -26.6
86 -26.0
87 -25.5
88 -24.8
89 -24.0
90 -23.3
91 -22.5
92 -21.7
93 -21.0
94 -20.2
95 -19.3
96 -18.5
97 -17.6
98 -16.5
99 -15.8
100 -14.8
101 -14.0
102 -13.1
103 -12.2
104 -11.3
105 -10.7
106 -10.0
107 -9.2
108 -8.4
109 -7.7
110 -7.0
111 -6.3
112 -5.6
113 -4.8
114 -4.2
115 -3.6
116 -3.0
117 -2.4
118 -1.9
119 -1.4
120 -0.9
121 -0.5
122 0.0
123 0.5
124 0.8
125 1.2
126 1.6
127 1.9
128 2.2
129 2.5
130 2.7
131 3.1
132 3.3
133 3.4
134 3.7
135 3.9
136 4.0
137 4.1
138 4.2
139 4.4
140 4.6
141 4.6
142 4.7
143 4.8
144 4.9
145 4.9
146 5.0
147 5.0
148 5.1
149 5.2
150 5.2
151 5.2
152 5.2
153 5.3
154 5.3
155 5.3
156 5.3
157 5.3
158 5.3
159 5.3
160 5.3
161 5.3
162 5.3
163 5.3
164 5.3
165 5.3
166 5.3
167 5.3
168 5.3
169 5.3
170 5.4
171 5.4
172 5.4
173 5.4
174 5.4
175 5.4
176 5.4
177 5.4
178 5.4
179 5.4
180 5.4
181 5.4
182 5.4
183 5.4
184 5.4
185 5.4
186 5.4
187 5.4
188 5.4
189 5.4
190 5.4
191 5.4
192 5.4
193 5.4
194 5.4
195 5.4
196 5.4
197 5.4
198 5.4
199 5.4
200 5.4
201 5.4
202 5.4
203 5.4
204 5.4
205 5.4
206 5.4
207 5.4
208 5.4
209 5.4
210 5.4
211 5.4
212 5.4
213 5.4
214 5.4
215 5.4
216 5.4
217 5.4
218 5.4
219 5.4
220 5.4
221 5.4
222 5.4
223 5.4
224 5.4
225 5.4
226 5.4
227 5.4
228 5.4
229 5.4
230 5.4
231 5.4
232 5.4
233 5.4
234 5.4
235 5.4
236 5.4
237 5.4
238 5.4
239 5.4
240 5.4
241 5.4
242 5.4
243 5.4
244 5.4
245 5.4
246 5.4
247 5.4
248 5.4
249 5.4
250 5.4
251 5.4
252 5.4
253 5.4
254 5.4
255 5.4
256 5.4
257 5.4
258 5.4
259 5.4
260 5.4
261 5.4
262 5.4
263 5.4
264 5.4
265 5.4
266 5.4
267 5.4
268 5.4
269 5.4
270 5.4
271 5.4
272 5.4
273 5.4
274 5.4
275 5.4
276 5.4
277 5.4
278 5.4
279 5.4
280 5.4
281 5.4
282 5.4
283 5.4
284 5.4
285 5.4
286 5.4
287 5.4
288 5.4
289 5.4
290 5.4
291 5.4
292 5.4
293 5.4
294 5.4
295 5.4
296 5.4
297 5.4
298 5.4
299 5.4
300 5.4
301 5.4
302 5.4
303 5.4
304 5.4
305 5.4
306 5.4
307 5.4
308 5.4
309 5.4
310 5.4
311 5.4
312 5.4
313 5.4
314 5.4
315 5.4
316 5.4
317 5.4
318 5.4
319 5.4
320 5.4
321 5.4
322 5.4
323 5.4
324 5.4
325 5.4
326 5.4
327 5.4
328 5.4
329 5.4
330 5.4
331 5.4
332 5.4
333 5.4
334 5.4
335 5.4
336 5.4
337 5.4
338 5.4
339 5.4
340 5.4
341 5.4
342 5.4
343 5.4
344 5.4
345 5.4
346 5.4
347 5.4
348 5.4
349 5.4
350 5.4
351 5.4
352 5.4
353 5.4
354 5.4
355 5.4
356 5.4
357 5.4
358 5.4
359 5.4
360 5.4
361 5.4
362 5.4
363 5.4
364 5.4
365 5.4
366 5.4
367 5.4
368 5.4
369 5.4
370 5.4
371 5.4
372 5.4
373 5.4
374 5.4
375 5.4
376 5.4
377 5.4
378 5.4
379 5.4
380 5.4
381 5.4
382 5.4
383 5.4
384 5.4
385 5.4
386 5.4
387 5.4
388 5.4
389 5.4
390 5.4
391 5.4
392 5.4
393 5.4
394 5.4
395 5.4
396 5.4
397 5.4
398 5.4
399 5.4
400 5.4
401 5.4
