101 -11.0
102 -23.2
103 -22.3
104 -21.4
105 -20.8
106 -20.1
107 -19.3
108 -18.5
109 -17.8
110 -17.1
111 -16.4
112 -15.7
113 -14.9
114 -14.3
115 -13.7
116 -13.1
117 -12.5
118 -12.0
119 -11.5
120 -10.9
121 -10.6
122 -10.1
123 -9.6
124 -9.3
125 -8.8
126 -8.5
127 -8.2
128 -7.9
129 -7.6
130 -7.3
131 -7.0
132 -6.8
133 -6.6
134 -6.4
135 -6.2
136 -6.0
137 -6.0
138 -5.9
139 -5.7
140 -5.5
141 -5.5
142 -5.4
143 -5.3
144 -5.2
145 -5.2
146 -5.1
147 -5.0
148 -5.0
149 -4.9
150 -4.9
151 -4.9
152 -4.9
153 -4.8
154 -4.8
155 -4.8
156 -4.8
157 -4.8
158 -4.8
159 -4.8
160 -4.8
161 -4.8
162 -4.8
163 -4.8
164 -4.8
165 -4.8
166 -4.8
167 -4.7
168 -4.7
169 -4.7
170 -4.7
171 -4.7
172 -4.7
173 -4.7
174 -4.7
175 -4.7
176 -4.7
177 -4.7
178 -4.7
179 -4.7
180 -4.7
181 -4.7
182 -4.7
183 -4.7
184 -4.7
185 -4.7
186 -4.7
187 -4.7
188 -4.7
189 -4.7
190 -4.7
191 -4.7
192 -4.7
193 -4.7
194 -4.7
195 -4.7
196 -4.7
197 -4.7
198 -4.7
199 -4.7
200 -4.7
201 -4.7
202 -4.7
203 -4.7
204 -4.7
205 -4.7
206 -4.7
207 -4.7
208 -4.7
209 -4.7
210 -4.7
211 -4.7
212 -4.7
213 -4.7
214 -4.7
215 -4.7
216 -4.7
217 -4.7
218 -4.7
219 -4.7
220 -4.7
221 -4.7
222 -4.7
223 -4.7
224 -4.7
225 -4.7
226 -4.7
227 -4.7
228 -4.7
229 -4.7
230 -4.7
231 -4.7
232 -4.7
233 -4.7
234 -4.7
235 -4.7
236 -4.7
237 -4.7
238 -4.7
239 -4.7
240 -4.7
241 -4.7
242 -4.7
243 -4.7
244 -4.7
245 -4.7
246 -4.7
247 -4.7
248 -4.7
249 -4.7
250 -4.7
251 -4.7
252 -4.7
253 -4.7
254 -4.7
255 -4.7
256 -4.7
257 -4.7
258 -4.7
259 -4.7
260 -4.7
261 -4.7
262 -4.7
263 -4.7
264 -4.7
265 -4.7
266 -4.7
267 -4.7
268 -4.7
269 -4.7
270 -4.7
271 -4.7
272 -4.7
273 -4.7
274 -4.7
275 -4.7
276 -4.7
277 -4.7
278 -4.7
279 -4.7
280 -4.7
281 -4.7
282 -4.7
283 -4.7
284 -4.7
285 -4.7
286 -4.7
287 -4.7
288 -4.7
289 -4.7
290 -4.7
291 -4.7
292 -4.7
293 -4.7
294 -4.7
295 -4.7
296 -4.7
297 -4.7
298 -4.7
299 -4.7
300 -4.7
301 -4.7
302 -4.7
303 -4.7
304 -4.7
305 -4.7
306 -4.7
307 -4.7
308 -4.7
309 -4.7
310 -4.7
311 -4.7
312 -4.7
313 -4.7
314 -4.7
315 -4.7
316 -4.7
317 -4.7
318 -4.7
319 -4.7
320 -4.7
321 -4.7
322 -4.7
323 -4.7
324 -4.7
325 -4.7
326 -4.7
327 -4.7
328 -4.7
329 -4.7
330 -4.7
331 -4.7
332 -4.7
333 -4.7
334 -4.7
335 -4.7
336 -4.7
337 -4.7
338 -4.7
339 -4.7
340 -4.7
341 -4.7
342 -4.7
343 -4.7
344 -4.7
345 -4.7
346 -4.7
347 -4.7
348 -4.7
349 -4.7
350 -4.7
351 -4.7
352 -4.7
353 -4.7
354 -4.7
355 -4.7
356 -4.7
357 -4.7
358 -4.7
359 -4.7
360 -4.7
361 -4.7
362 -4.7
363 -4.7
364 -4.7
365 -4.7
366 -4.7
367 -4.7
368 -4.7
369 -4.7
370 -4.7
371 -4.7
372 -4.7
373 -4.7
374 -4.7
375 -4.7
376 -4.7
377 -4.7
378 -4.7
379 -4.7
380 -4.7
381 -4.7
382 -4.7
383 -4.7
384 -4.7
385 -4.7
386 -4.7
387 -4.7
388 -4.7
389 -4.7
390 -4.7
391 -4.7
392 -4.7
393 -4.7
394 -4.7
395 -4.7
396 -4.7
397 -4.7
398 -4.7
399 -4.7
400 -4.7
401 -4.7
