1 10.1
2 9.9
3 9.6
4 9.4
5 9.1
6 8.9
7 8.6
8 8.4
9 8.1
10 7.9
11 7.6
12 7.4
13 7.1
14 6.9
15 6.6
16 6.4
17 6.1
18 5.9
19 5.6
20 5.4
21 5.1
22 4.9
23 4.6
24 4.4
25 4.1
26 3.9
27 3.6
28 3.4
29 3.1
30 2.9
31 2.6
32 2.4
33 2.1
34 1.9
35 1.6
36 1.4
37 1.1
38 0.9
39 0.6
40 0.4
41 0.1
42 -0.1
43 -0.3
44 -0.6
45 -0.8
46 -1.1
47 -1.3
48 -1.5
49 -1.8
50 -2.0
51 -2.3
52 -2.5
53 -2.7
54 -2.9
55 -3.2
56 -3.4
57 -3.6
58 -3.8
59 -4.0
60 -4.2
61 -4.4
62 -4.6
63 -4.7
64 -4.9
65 -5.1
66 -5.3
67 -5.4
68 -5.5
69 -5.7
70 -5.9
71 -6.0
72 -6.1
73 -6.2
74 -6.3
75 -6.3
76 -6.4
77 -6.5
78 -6.5
79 -6.6
80 -6.6
81 -6.6
82 -6.6
83 -6.6
84 -6.5
85 -6.5
86 -6.5
87 -6.5
88 -6.4
89 -6.3
90 -6.2
91 -6.1
92 -6.0
93 -5.9
94 -5.7
95 -5.6
96 -5.4
97 -5.2
98 -5.1
99 -4.9
100 -4.7
101 -4.5
102 -4.3
103 -4.2
104 -4.0
105 -3.9
106 -3.7
107 -3.5
108 -3.4
109 -3.2
110 -3.1
111 -2.9
112 -2.7
113 -2.6
114 -2.4
115 -2.2
116 -2.1
117 -2.0
118 -1.8
119 -1.7
120 -1.6
121 -1.5
122 -1.4
123 -1.3
124 -1.1
125 -1.0
126 -1.0
127 -0.9
128 -0.8
129 -0.7
130 -0.6
131 -0.6
132 -0.5
133 -0.5
134 -0.4
135 -0.4
136 -0.4
137 -0.3
138 -0.3
139 -0.2
140 -0.2
141 -0.2
142 -0.2
143 -0.1
144 -0.1
145 -0.1
146 -0.1
147 -0.1
148 -0.1
149 -0.1
150 -0.0
151 -0.0
152 -0.0
153 -0.0
154 -0.0
155 -0.0
156 -0.0
157 -0.0
158 -0.0
159 -0.0
160 -0.0
161 -0.0
162 -0.0
163 -0.0
164 -0.0
165 -0.0
166 -0.0
167 -0.0
168 -0.0
169 -0.0
170 -0.0
171 -0.0
172 -0.0
173 -0.0
174 -0.0
175 -0.0
176 -0.0
177 -0.0
178 -0.0
179 -0.0
180 -0.0
181 -0.0
182 -0.0
183 -0.0
184 -0.0
185 0.0
186 0.0
187 0.0
188 0.0
189 0.0
190 0.0
191 0.0
192 0.0
193 0.0
194 0.0
195 0.0
196 0.0
197 0.0
198 0.0
199 0.0
200 0.0
