56 -8.1
57 -29.1
58 -28.8
59 -28.4
60 -28.1
61 -27.8
62 -27.5
63 -27.4
64 -27.1
65 -27.0
66 -26.9
67 -26.7
68 -26.7
69 -26.6
70 -26.5
71 -26.5
72 -26.5
73 -26.5
74 -26.4
75 -26.4
76 -26.3
77 -26.3
78 -26.3
79 -26.2
80 -26.1
81 -26.0
82 -25.8
83 -25.7
84 -25.6
85 -25.5
86 -25.3
87 -25.1
88 -24.8
89 -24.6
90 -24.3
91 -24.0
92 -23.6
93 -23.2
94 -22.6
95 -22.0
96 -21.5
97 -21.0
98 -20.4
99 -19.8
100 -19.1
101 -18.6
102 -18.1
103 -17.6
104 -17.1
105 -16.6
106 -16.3
107 -15.8
108 -15.4
109 -15.1
110 -14.9
111 -14.6
112 -14.3
113 -14.1
114 -14.0
115 -13.8
116 -13.7
117 -13.6
118 -13.4
119 -13.3
120 -13.3
121 -13.2
122 -13.2
123 -13.1
124 -13.1
125 -13.0
126 -13.0
127 -13.0
128 -13.0
129 -12.9
130 -12.8
131 -12.8
132 -12.7
133 -12.5
134 -12.4
135 -12.2
136 -12.0
137 -11.7
138 -11.5
139 -11.3
140 -11.0
141 -10.5
142 -10.1
143 -9.7
144 -9.2
145 -8.7
146 -8.3
147 -7.8
148 -7.3
149 -6.8
150 -6.2
151 -5.7
152 -5.1
153 -4.6
154 -4.0
155 -3.5
156 -3.0
157 -2.5
158 -2.1
159 -1.6
160 -1.2
161 -1.0
162 -0.6
163 -0.4
164 -0.2
165 0.0
166 0.2
167 0.3
168 0.5
169 0.6
170 0.7
171 0.7
172 0.8
173 0.8
174 0.8
175 0.9
176 0.9
177 0.9
178 0.9
179 0.9
180 0.9
181 0.9
182 0.9
183 0.9
184 0.9
185 0.9
186 0.9
187 0.9
188 0.9
189 0.9
190 0.9
191 0.9
192 0.9
193 0.9
194 0.9
195 0.9
196 0.9
197 0.9
198 0.9
199 0.9
200 0.9
201 0.9
202 0.9
203 0.9
204 0.9
205 0.9
206 0.9
207 0.9
208 0.9
209 0.9
210 0.9
211 0.9
212 0.9
213 0.9
214 0.9
215 0.9
216 0.9
217 0.9
218 0.9
219 0.9
220 0.9
221 0.9
222 0.9
223 0.9
224 0.9
225 0.9
226 0.9
227 0.9
228 0.9
229 0.9
230 0.9
231 0.9
232 0.9
233 0.9
234 0.9
235 0.9
236 0.9
237 0.9
238 0.9
239 0.9
240 0.9
241 0.9
242 0.9
243 0.9
244 0.9
245 0.9
246 0.9
247 0.9
248 0.9
249 0.9
250 0.9
251 0.9
252 0.9
253 0.9
254 0.9
255 0.9
256 0.9
257 0.9
258 0.9
259 0.9
260 0.9
261 0.9
262 0.9
263 0.9
264 0.9
265 0.9
266 0.9
267 0.9
268 0.9
269 0.9
270 0.9
271 0.9
272 0.9
273 0.9
274 0.9
275 0.9
276 0.9
277 0.9
278 0.9
279 0.9
280 0.9
281 0.9
282 0.9
283 0.9
284 0.9
285 0.9
286 0.9
287 0.9
288 0.9
289 0.9
290 0.9
291 0.9
292 0.9
293 0.9
294 0.9
295 0.9
296 0.9
297 0.9
298 0.9
299 0.9
300 0.9
301 0.9
302 0.9
303 0.9
304 0.9
305 0.9
306 0.9
307 0.9
308 0.9
309 0.9
310 0.9
311 0.9
312 0.9
313 0.9
314 0.9
315 0.9
316 0.9
317 0.9
318 0.9
319 0.9
320 0.9
321 0.9
322 0.9
323 0.9
324 0.9
325 0.9
326 0.9
327 0.9
328 0.9
329 0.9
330 0.9
331 0.9
332 0.9
333 0.9
334 0.9
335 0.9
336 0.9
337 0.9
338 0.9
339 0.9
340 0.9
341 0.9
342 0.9
343 0.9
344 0.9
345 0.9
346 0.9
347 0.9
348 0.9
349 0.9
350 0.9
351 0.9
352 0.9
353 0.9
354 0.9
355 0.9
356 0.9
357 0.9
358 0.9
359 0.9
360 0.9
361 0.9
362 0.9
363 0.9
364 0.9
365 0.9
366 0.9
367 0.9
368 0.9
369 0.9
370 0.9
371 0.9
372 0.9
373 0.9
374 0.9
375 0.9
376 0.9
377 0.9
378 0.9
379 0.9
380 0.9
381 0.9
382 0.9
383 0.9
384 0.9
385 0.9
386 0.9
387 0.9
388 0.9
389 0.9
390 0.9
391 0.9
392 0.9
393 0.9
394 0.9
395 0.9
396 0.9
397 0.9
398 0.9
399 0.9
400 0.9
401 0.9
