21 -6.0
22 -34.6
23 -34.6
24 -34.6
25 -34.6
26 -34.6
27 -34.6
28 -34.5
29 -34.5
30 -34.4
31 -34.3
32 -34.3
33 -34.1
34 -34.0
35 -33.9
36 -33.7
37 -33.5
38 -33.3
39 -33.0
40 -32.7
41 -32.3
42 -31.8
43 -31.4
44 -31.0
45 -30.6
46 -30.1
47 -29.5
48 -28.9
49 -28.4
50 -28.0
51 -27.4
52 -26.9
53 -26.4
54 -25.9
55 -25.4
56 -25.0
57 -24.6
58 -24.3
59 -23.9
60 -23.6
61 -23.3
62 -23.0
63 -22.9
64 -22.6
65 -22.4
66 -22.4
67 -22.2
68 -22.2
69 -22.1
70 -22.0
71 -22.0
72 -22.0
73 -21.9
74 -21.9
75 -21.9
76 -21.8
77 -21.8
78 -21.8
79 -21.7
80 -21.6
81 -21.5
82 -21.3
83 -21.2
84 -21.1
85 -20.9
86 -20.8
87 -20.6
88 -20.3
89 -20.1
90 -19.8
91 -19.5
92 -19.1
93 -18.6
94 -18.1
95 -17.5
96 -17.0
97 -16.5
98 -15.8
99 -15.3
100 -14.6
101 -14.1
102 -13.6
103 -13.1
104 -12.6
105 -12.1
106 -11.8
107 -11.2
108 -10.9
109 -10.6
110 -10.4
111 -10.1
112 -9.8
113 -9.6
114 -9.5
115 -9.3
116 -9.2
117 -9.1
118 -8.9
119 -8.8
120 -8.8
121 -8.7
122 -8.6
123 -8.6
124 -8.6
125 -8.5
126 -8.5
127 -8.5
128 -8.4
129 -8.4
130 -8.3
131 -8.2
132 -8.2
133 -8.0
134 -7.9
135 -7.7
136 -7.4
137 -7.2
138 -7.0
139 -6.8
140 -6.5
141 -6.0
142 -5.6
143 -5.2
144 -4.7
145 -4.2
146 -3.7
147 -3.3
148 -2.8
149 -2.3
150 -1.7
151 -1.2
152 -0.6
153 -0.1
154 0.5
155 1.0
156 1.5
157 2.0
158 2.4
159 2.9
160 3.3
161 3.5
162 3.9
163 4.1
164 4.3
165 4.5
166 4.7
167 4.8
168 5.0
169 5.1
170 5.2
171 5.2
172 5.3
173 5.3
174 5.3
175 5.4
176 5.4
177 5.4
178 5.4
179 5.4
180 5.4
181 5.4
182 5.4
183 5.4
184 5.4
185 5.4
186 5.4
187 5.4
188 5.4
189 5.4
190 5.4
191 5.4
192 5.4
193 5.4
194 5.4
195 5.4
196 5.4
197 5.4
198 5.4
199 5.4
200 5.4
201 5.4
202 5.4
203 5.4
204 5.4
205 5.4
206 5.4
207 5.4
208 5.4
209 5.4
210 5.4
211 5.4
212 5.4
213 5.4
214 5.4
215 5.4
216 5.4
217 5.4
218 5.4
219 5.4
220 5.4
221 5.4
222 5.4
223 5.4
224 5.4
225 5.4
226 5.4
227 5.4
228 5.4
229 5.4
230 5.4
231 5.4
232 5.4
233 5.4
234 5.4
235 5.4
236 5.4
237 5.4
238 5.4
239 5.4
240 5.4
241 5.4
242 5.4
243 5.4
244 5.4
245 5.4
246 5.4
247 5.4
248 5.4
249 5.4
250 5.4
251 5.4
252 5.4
253 5.4
254 5.4
255 5.4
256 5.4
257 5.4
258 5.4
259 5.4
260 5.4
261 5.4
262 5.4
263 5.4
264 5.4
265 5.4
266 5.4
267 5.4
268 5.4
269 5.4
270 5.4
271 5.4
272 5.4
273 5.4
274 5.4
275 5.4
276 5.4
277 5.4
278 5.4
279 5.4
280 5.4
281 5.4
282 5.4
283 5.4
284 5.4
285 5.4
286 5.4
287 5.4
288 5.4
289 5.4
290 5.4
291 5.4
292 5.4
293 5.4
294 5.4
295 5.4
296 5.4
297 5.4
298 5.4
299 5.4
300 5.4
301 5.4
302 5.4
303 5.4
304 5.4
305 5.4
306 5.4
307 5.4
308 5.4
309 5.4
310 5.4
311 5.4
312 5.4
313 5.4
314 5.4
315 5.4
316 5.4
317 5.4
318 5.4
319 5.4
320 5.4
321 5.4
322 5.4
323 5.4
324 5.4
325 5.4
326 5.4
327 5.4
328 5.4
329 5.4
330 5.4
331 5.4
332 5.4
333 5.4
334 5.4
335 5.4
336 5.4
337 5.4
338 5.4
339 5.4
340 5.4
341 5.4
342 5.4
343 5.4
344 5.4
345 5.4
346 5.4
347 5.4
348 5.4
349 5.4
350 5.4
351 5.4
352 5.4
353 5.4
354 5.4
355 5.4
356 5.4
357 5.4
358 5.4
359 5.4
360 5.4
361 5.4
362 5.4
363 5.4
364 5.4
365 5.4
366 5.4
367 5.4
368 5.4
369 5.4
370 5.4
371 5.4
372 5.4
373 5.4
374 5.4
375 5.4
376 5.4
377 5.4
378 5.4
379 5.4
380 5.4
381 5.4
382 5.4
383 5.4
384 5.4
385 5.4
386 5.4
387 5.4
388 5.4
389 5.4
390 5.4
391 5.4
392 5.4
393 5.4
394 5.4
395 5.4
396 5.4
397 5.4
398 5.4
399 5.4
400 5.4
401 5.4
