1 10.2
2 9.9
3 9.7
4 9.4
5 9.2
6 8.9
7 8.7
8 8.4
9 8.2
10 7.9
11 7.7
12 7.4
13 7.2
14 6.9
15 6.7
16 6.4
17 6.2
18 5.9
19 5.7
20 5.4
21 5.2
22 5.0
23 4.7
24 4.5
25 4.2
26 4.0
27 3.8
28 3.6
29 3.4
30 3.1
31 2.9
32 2.8
33 2.6
34 2.4
35 2.2
36 2.0
37 1.9
38 1.7
39 1.6
40 1.5
41 1.5
42 1.4
43 1.3
44 1.2
45 1.2
46 1.2
47 1.2
48 1.1
49 1.1
50 1.1
51 1.1
52 1.0
53 1.0
54 1.0
55 0.9
56 0.9
57 0.8
58 0.8
59 0.7
60 0.6
61 0.5
62 0.4
63 0.4
64 0.3
65 0.1
66 0.0
67 -0.1
68 -0.3
69 -0.4
70 -0.6
71 -0.7
72 -0.9
73 -1.0
74 -1.2
75 -1.3
76 -1.5
77 -1.6
78 -1.7
79 -1.9
80 -2.0
81 -2.1
82 -2.2
83 -2.3
84 -2.4
85 -2.5
86 -2.6
87 -2.7
88 -2.7
89 -2.8
90 -2.8
91 -2.8
92 -2.8
93 -2.8
94 -2.7
95 -2.7
96 -2.6
97 -2.6
98 -2.5
99 -2.4
100 -2.3
101 -2.3
102 -2.2
103 -2.2
104 -2.1
105 -2.1
106 -2.0
107 -2.0
108 -2.0
109 -2.0
110 -2.0
111 -2.0
112 -2.0
113 -2.0
114 -2.1
115 -2.1
116 -2.2
117 -2.2
118 -2.2
119 -2.3
120 -2.4
121 -2.4
122 -2.5
123 -2.6
124 -2.6
125 -2.7
126 -2.8
127 -2.8
128 -2.9
129 -3.0
130 -3.0
131 -3.1
132 -3.1
133 -3.1
134 -3.1
135 -3.1
136 -3.1
137 -3.1
138 -3.1
139 -3.1
140 -3.0
141 -2.9
142 -2.9
143 -2.7
144 -2.6
145 -2.5
146 -2.4
147 -2.3
148 -2.2
149 -2.0
150 -1.9
151 -1.8
152 -1.6
153 -1.5
154 -1.3
155 -1.2
156 -1.0
157 -0.9
158 -0.8
159 -0.6
160 -0.6
161 -0.5
162 -0.4
163 -0.4
164 -0.3
165 -0.2
166 -0.2
167 -0.1
168 -0.1
169 -0.1
170 -0.1
171 -0.0
172 -0.0
173 -0.0
174 -0.0
175 -0.0
176 -0.0
177 -0.0
178 -0.0
179 -0.0
180 -0.0
181 -0.0
182 -0.0
183 0.0
184 0.0
185 0.0
186 0.0
187 0.0
188 0.0
189 0.0
190 0.0
191 0.0
192 0.0
193 0.0
194 0.0
195 0.0
196 0.0
197 0.0
198 0.0
199 0.0
200 0.0
