101 -8.4
102 -21.4
103 -20.9
104 -20.4
105 -19.9
106 -19.5
107 -19.0
108 -18.7
109 -18.4
110 -18.1
111 -17.8
112 -17.6
113 -17.4
114 -17.3
115 -17.1
116 -17.0
117 -16.9
118 -16.7
119 -16.6
120 -16.5
121 -16.5
122 -16.4
123 -16.4
124 -16.3
125 -16.3
126 -16.2
127 -16.2
128 -16.2
129 -16.2
130 -16.1
131 -16.0
132 -15.9
133 -15.8
134 -15.6
135 -15.5
136 -15.2
137 -15.0
138 -14.8
139 -14.5
140 -14.3
141 -13.8
142 -13.4
143 -13.0
144 -12.4
145 -11.9
146 -11.5
147 -11.0
148 -10.6
149 -10.0
150 -9.5
151 -8.9
152 -8.4
153 -7.9
154 -7.3
155 -6.8
156 -6.2
157 -5.7
158 -5.4
159 -4.9
160 -4.5
161 -4.2
162 -3.9
163 -3.7
164 -3.5
165 -3.3
166 -3.1
167 -2.9
168 -2.8
169 -2.7
170 -2.6
171 -2.5
172 -2.5
173 -2.5
174 -2.5
175 -2.4
176 -2.4
177 -2.4
178 -2.4
179 -2.3
180 -2.3
181 -2.3
182 -2.3
183 -2.3
184 -2.3
185 -2.3
186 -2.3
187 -2.3
188 -2.3
189 -2.3
190 -2.3
191 -2.3
192 -2.3
193 -2.3
194 -2.3
195 -2.3
196 -2.3
197 -2.3
198 -2.3
199 -2.3
200 -2.3
201 -2.3
202 -2.3
203 -2.3
204 -2.3
205 -2.3
206 -2.3
207 -2.3
208 -2.3
209 -2.3
210 -2.3
211 -2.3
212 -2.3
213 -2.3
214 -2.3
215 -2.3
216 -2.3
217 -2.3
218 -2.3
219 -2.3
220 -2.3
221 -2.3
222 -2.3
223 -2.3
224 -2.3
225 -2.3
226 -2.3
227 -2.3
228 -2.3
229 -2.3
230 -2.3
231 -2.3
232 -2.3
233 -2.3
234 -2.3
235 -2.3
236 -2.3
237 -2.3
238 -2.3
239 -2.3
240 -2.3
241 -2.3
242 -2.3
243 -2.3
244 -2.3
245 -2.3
246 -2.3
247 -2.3
248 -2.3
249 -2.3
250 -2.3
251 -2.3
252 -2.3
253 -2.3
254 -2.3
255 -2.3
256 -2.3
257 -2.3
258 -2.3
259 -2.3
260 -2.3
261 -2.3
262 -2.3
263 -2.3
264 -2.3
265 -2.3
266 -2.3
267 -2.3
268 -2.3
269 -2.3
270 -2.3
271 -2.3
272 -2.3
273 -2.3
274 -2.3
275 -2.3
276 -2.3
277 -2.3
278 -2.3
279 -2.3
280 -2.3
281 -2.3
282 -2.3
283 -2.3
284 -2.3
285 -2.3
286 -2.3
287 -2.3
288 -2.3
289 -2.3
290 -2.3
291 -2.3
292 -2.3
293 -2.3
294 -2.3
295 -2.3
296 -2.3
297 -2.3
298 -2.3
299 -2.3
300 -2.3
301 -2.3
302 -2.3
303 -2.3
304 -2.3
305 -2.3
306 -2.3
307 -2.3
308 -2.3
309 -2.3
310 -2.3
311 -2.3
312 -2.3
313 -2.3
314 -2.3
315 -2.3
316 -2.3
317 -2.3
318 -2.3
319 -2.3
320 -2.3
321 -2.3
322 -2.3
323 -2.3
324 -2.3
325 -2.3
326 -2.3
327 -2.3
328 -2.3
329 -2.3
330 -2.3
331 -2.3
332 -2.3
333 -2.3
334 -2.3
335 -2.3
336 -2.3
337 -2.3
338 -2.3
339 -2.3
340 -2.3
341 -2.3
342 -2.3
343 -2.3
344 -2.3
345 -2.3
346 -2.3
347 -2.3
348 -2.3
349 -2.3
350 -2.3
351 -2.3
352 -2.3
353 -2.3
354 -2.3
355 -2.3
356 -2.3
357 -2.3
358 -2.3
359 -2.3
360 -2.3
361 -2.3
362 -2.3
363 -2.3
364 -2.3
365 -2.3
366 -2.3
367 -2.3
368 -2.3
369 -2.3
370 -2.3
371 -2.3
372 -2.3
373 -2.3
374 -2.3
375 -2.3
376 -2.3
377 -2.3
378 -2.3
379 -2.3
380 -2.3
381 -2.3
382 -2.3
383 -2.3
384 -2.3
385 -2.3
386 -2.3
387 -2.3
388 -2.3
389 -2.3
390 -2.3
391 -2.3
392 -2.3
393 -2.3
394 -2.3
395 -2.3
396 -2.3
397 -2.3
398 -2.3
399 -2.3
400 -2.3
401 -2.3
