1 22.1
2 21.9
3 21.8
4 21.6
5 21.4
6 21.3
7 21.1
8 20.9
9 20.7
10 20.6
11 20.4
12 20.3
13 20.1
14 19.9
15 19.8
16 19.6
17 19.4
18 19.3
19 19.1
20 18.9
21 18.8
22 18.6
23 18.5
24 18.3
25 18.1
26 18.0
27 17.8
28 17.7
29 17.5
30 17.4
31 17.2
32 17.1
33 16.9
34 16.8
35 16.6
36 16.5
37 16.3
38 16.1
39 16.0
40 15.8
41 15.7
42 15.6
43 15.4
44 15.2
45 15.1
46 14.9
47 14.8
48 14.7
49 14.5
50 14.4
51 -5.2
52 -5.1
53 -5.0
54 -5.0
55 -5.0
56 -4.9
57 -4.8
58 -4.7
59 -4.7
60 -4.6
61 -4.5
62 -4.5
63 -4.4
64 -4.3
65 -4.3
66 -4.2
67 -4.2
68 -4.2
69 -4.1
70 -4.0
71 -4.0
72 -3.9
73 -3.9
74 -3.8
75 -3.7
76 -3.6
77 -3.6
78 -3.5
79 -3.5
80 -3.4
81 -3.4
82 -3.3
83 -3.2
84 -3.2
85 -3.1
86 -3.0
87 -3.0
88 -3.0
89 -2.9
90 -2.9
91 -2.8
92 -2.7
93 -2.6
94 -2.6
95 -2.5
96 -2.4
97 -2.4
98 -2.3
99 -2.2
100 -2.2
101 -2.1
102 -2.0
103 -1.9
104 -1.9
105 -1.9
106 -1.8
107 -1.7
108 -1.6
109 -1.5
110 -1.5
111 -1.5
112 -1.4
113 -1.4
114 -1.3
115 -1.2
116 -1.2
117 -1.2
118 -1.1
119 -1.1
120 -1.0
121 -0.9
122 -0.9
123 -0.8
124 -0.7
125 -0.7
126 -0.6
127 -0.6
128 -0.5
129 -0.5
130 -0.4
131 -0.3
132 -0.3
133 -0.2
134 -0.1
135 -0.1
136 -0.0
137 0.1
138 0.1
139 0.2
140 0.2
141 0.3
142 0.4
143 0.4
144 0.5
145 0.5
146 0.6
147 0.7
148 0.8
149 0.9
150 1.0
151 1.0
152 1.1
153 1.2
154 1.3
155 1.3
156 1.4
157 1.5
158 1.5
159 1.6
160 1.7
161 1.8
162 1.9
163 2.0
164 2.0
165 2.1
166 2.2
167 2.3
168 2.4
169 2.4
170 2.5
171 2.6
172 2.7
173 2.7
174 2.8
175 3.0
176 3.0
177 3.1
178 3.2
179 3.2
180 3.3
181 3.3
182 3.4
183 3.4
184 3.5
185 3.6
186 3.7
187 3.7
188 3.8
189 3.9
190 3.9
191 4.0
192 4.1
193 4.1
194 4.2
195 4.2
196 4.3
197 4.4
198 4.5
199 4.5
200 4.6
201 4.7
202 4.7
203 4.8
204 4.9
205 5.1
206 5.1
207 5.2
208 5.2
209 5.3
210 5.4
211 5.5
212 5.6
213 5.7
214 5.8
215 5.8
216 5.9
217 6.0
218 6.1
219 6.1
220 6.2
221 6.3
222 6.3
223 6.4
224 6.5
225 6.5
226 6.6
227 6.8
228 6.8
229 6.9
230 6.9
231 7.0
232 7.1
233 7.1
234 7.2
235 7.3
236 7.4
237 7.4
238 7.5
239 7.6
240 7.7
241 7.8
242 7.9
243 8.0
244 8.1
245 8.2
246 8.2
247 8.3
248 8.4
249 8.4
250 8.5
251 8.6
252 8.7
253 8.8
254 8.9
255 8.9
256 9.0
257 9.1
258 9.1
259 9.2
260 9.3
261 9.3
262 9.4
263 9.5
264 9.5
265 9.6
266 9.7
267 9.8
268 9.8
269 9.9
270 10.0
271 10.1
272 10.2
273 10.3
274 10.3
275 10.4
276 10.6
277 10.6
278 10.7
279 10.8
280 10.9
281 10.9
282 10.9
283 11.0
284 11.1
285 11.2
286 11.3
287 11.4
288 11.5
289 11.6
290 11.6
291 11.7
292 11.7
293 11.8
294 11.9
295 11.9
296 12.0
297 12.1
298 12.2
299 12.2
300 12.3
301 12.4
302 12.5
303 12.6
304 12.6
305 12.7
306 12.8
307 12.8
308 12.9
309 13.0
310 13.1
311 13.1
312 13.2
313 13.3
314 13.4
315 13.5
316 13.5
317 13.6
318 13.6
319 13.8
320 13.8
321 13.9
322 13.9
323 14.1
324 14.1
325 14.2
326 14.3
327 14.3
328 14.4
329 14.5
330 14.5
331 14.6
332 14.6
333 14.7
334 14.8
335 14.8
336 14.9
337 15.0
338 15.1
339 15.2
340 15.3
341 15.4
342 15.4
343 15.5
344 15.6
345 15.7
346 15.8
347 15.9
348 16.0
349 16.0
350 16.1
351 16.2
352 16.3
353 16.4
354 16.5
355 16.5
356 16.6
357 16.6
358 16.7
359 16.8
360 16.9
361 17.0
362 17.1
363 17.1
364 17.2
365 17.3
366 17.4
367 17.5
368 17.6
369 17.6
370 17.7
371 17.8
372 17.9
373 17.9
374 18.0
375 18.0
376 18.1
377 18.1
378 18.3
379 18.3
380 18.4
381 18.5
382 18.5
383 18.6
384 18.7
385 18.8
386 18.8
387 18.9
388 19.0
389 19.1
390 19.2
391 19.3
392 19.3
393 19.4
394 19.5
395 19.5
396 19.7
397 19.8
398 19.8
399 19.9
400 19.9
