101 8.1
102 -8.7
103 -8.6
104 -8.5
105 -8.5
106 -8.4
107 -8.4
108 -8.3
109 -8.2
110 -8.1
111 -8.1
112 -8.0
113 -8.0
114 -7.9
115 -7.9
116 -7.8
117 -7.8
118 -7.7
119 -7.7
120 -7.6
121 -7.6
122 -7.5
123 -7.4
124 -7.4
125 -7.3
126 -7.2
127 -7.2
128 -7.2
129 -7.1
130 -7.1
131 -7.0
132 -6.9
133 -6.9
134 -6.8
135 -6.7
136 -6.7
137 -6.6
138 -6.5
139 -6.4
140 -6.4
141 -6.3
142 -6.3
143 -6.2
144 -6.2
145 -6.1
146 -6.1
147 -6.0
148 -5.9
149 -5.8
150 -5.7
151 -5.6
152 -5.5
153 -5.5
154 -5.4
155 -5.3
156 -5.2
157 -5.2
158 -5.1
159 -5.1
160 -5.0
161 -4.9
162 -4.8
163 -4.7
164 -4.6
165 -4.6
166 -4.4
167 -4.3
168 -4.3
169 -4.2
170 -4.2
171 -4.1
172 -4.0
173 -3.9
174 -3.8
175 -3.7
176 -3.6
177 -3.5
178 -3.5
179 -3.4
180 -3.4
181 -3.3
182 -3.3
183 -3.2
184 -3.2
185 -3.1
186 -3.0
187 -2.9
188 -2.8
189 -2.8
190 -2.7
191 -2.7
192 -2.5
193 -2.5
194 -2.5
195 -2.4
196 -2.4
197 -2.3
198 -2.2
199 -2.1
200 -2.1
201 -2.0
202 -1.9
203 -1.8
204 -1.7
205 -1.6
206 -1.5
207 -1.5
208 -1.4
209 -1.3
210 -1.3
211 -1.2
212 -1.1
213 -1.0
214 -0.9
215 -0.8
216 -0.8
217 -0.7
218 -0.6
219 -0.5
220 -0.5
221 -0.4
222 -0.3
223 -0.3
224 -0.2
225 -0.1
226 -0.0
227 0.1
228 0.2
229 0.2
230 0.3
231 0.4
232 0.4
233 0.5
234 0.6
235 0.6
236 0.7
237 0.8
238 0.9
239 0.9
240 1.0
241 1.1
242 1.2
243 1.3
244 1.4
245 1.5
246 1.7
247 1.7
248 1.7
249 1.8
250 1.9
251 1.9
252 2.0
253 2.1
254 2.2
255 2.3
256 2.3
257 2.4
258 2.5
259 2.6
260 2.6
261 2.7
262 2.8
263 2.8
264 2.9
265 2.9
266 3.0
267 3.1
268 3.2
269 3.3
270 3.3
271 3.4
272 3.5
273 3.6
274 3.7
275 3.8
276 3.9
277 4.0
278 4.0
279 4.1
280 4.2
281 4.3
282 4.3
283 4.4
284 4.4
285 4.5
286 4.6
287 4.7
288 4.8
289 4.9
290 5.0
291 5.0
292 5.1
293 5.1
294 5.2
295 5.3
296 5.4
297 5.4
298 5.6
299 5.6
300 5.7
301 5.8
302 5.8
303 5.9
304 6.0
305 6.1
306 6.2
307 6.2
308 6.2
309 6.3
310 6.4
311 6.5
312 6.5
313 6.6
314 6.7
315 6.8
316 6.9
317 7.0
318 7.0
319 7.1
320 7.2
321 7.2
322 7.3
323 7.4
324 7.5
325 7.5
326 7.6
327 7.7
328 7.7
329 7.8
330 7.9
331 7.9
332 8.0
333 8.1
334 8.1
335 8.2
336 8.3
337 8.4
338 8.4
339 8.5
340 8.7
341 8.7
342 8.8
343 8.8
344 8.9
345 9.0
346 9.1
347 9.2
348 9.3
349 9.4
350 9.5
351 9.5
352 9.6
353 9.7
354 9.8
355 9.9
356 9.9
357 10.0
358 10.1
359 10.1
360 10.3
361 10.3
362 10.4
363 10.5
364 10.6
365 10.6
366 10.7
367 10.8
368 10.9
369 11.0
370 11.1
371 11.1
372 11.2
373 11.3
374 11.3
375 11.4
376 11.5
377 11.5
378 11.6
379 11.7
380 11.7
381 11.8
382 11.9
383 12.0
384 12.0
385 12.1
386 12.2
387 12.3
388 12.3
389 12.4
390 12.5
391 12.6
392 12.7
393 12.7
394 12.8
395 12.9
396 13.0
397 13.1
398 13.2
399 13.3
400 13.3
401 13.3
