1 -2.1
2 -2.3
3 -2.4
4 -2.5
5 -2.7
6 -2.8
7 -2.9
8 -3.0
9 -3.1
10 -3.2
11 -3.3
12 -3.4
13 -3.5
14 -3.6
15 -3.6
16 -3.6
17 -3.7
18 -3.8
19 -3.8
20 -3.9
21 -4.0
22 -4.0
23 -4.1
24 -4.2
25 -4.2
26 -4.2
27 -4.3
28 -4.4
29 -4.4
30 -4.5
31 -4.5
32 -4.5
33 -4.5
34 -4.5
35 -4.5
36 -4.6
37 -4.6
38 -4.7
39 -4.6
40 -4.7
41 -4.7
42 -4.7
43 -4.7
44 -4.6
45 -4.6
46 -4.6
47 -4.6
48 -4.6
49 -4.6
50 -4.5
51 -4.5
52 -4.5
53 -4.5
54 -4.4
55 -4.4
56 -4.4
57 -4.4
58 -4.3
59 -4.2
60 -4.2
61 -4.1
62 -4.1
63 -4.0
64 -3.9
65 -3.9
66 -3.8
67 -3.7
68 -3.7
69 -3.6
70 -3.5
71 -3.4
72 -3.3
73 -3.2
74 -3.1
75 -3.0
76 -3.0
77 -2.9
78 -2.8
79 -2.7
80 -2.6
81 -2.5
82 -2.4
83 -2.3
84 -2.2
85 -2.0
86 -1.9
87 -1.8
88 -1.7
89 -1.6
90 -1.5
91 -1.3
92 -1.1
93 -1.0
94 -0.8
95 -0.7
96 -0.5
97 -0.4
98 -0.2
99 0.0
100 0.0
