21 -15.6
22 -41.3
23 -40.9
24 -40.4
25 -40.0
26 -39.5
27 -39.0
28 -38.7
29 -38.2
30 -37.8
31 -37.3
32 -36.8
33 -36.3
34 -35.8
35 -35.3
36 -34.7
37 -34.3
38 -33.9
39 -33.5
40 -33.0
41 -32.5
42 -32.1
43 -31.6
44 -31.1
45 -30.5
46 -30.1
47 -29.7
48 -29.3
49 -28.7
50 -28.2
51 -27.7
52 -27.3
53 -26.7
54 -26.2
55 -25.7
56 -25.3
57 -25.0
58 -24.5
59 -23.9
60 -23.4
61 -22.9
62 -22.3
63 -21.9
64 -21.5
65 -20.9
66 -20.4
67 -19.9
68 -19.5
69 -19.0
70 -18.5
71 -18.0
72 -17.5
73 -16.9
74 -16.5
75 -16.0
76 -15.5
77 -15.1
78 -14.6
79 -14.3
80 -13.9
81 -13.4
82 -12.8
83 -12.3
84 -11.9
85 -11.4
86 -10.9
87 -10.4
88 -9.9
89 -9.5
90 -9.1
91 -8.6
92 -8.1
93 -7.6
94 -6.9
95 -6.4
96 -6.0
97 -5.4
98 -5.0
99 -4.5
100 -3.9
101 -3.9
102 -3.9
103 -3.9
104 -3.9
105 -3.9
106 -3.9
107 -3.9
108 -3.9
109 -3.9
110 -3.9
111 -3.9
112 -3.9
113 -3.9
114 -3.9
115 -3.9
116 -3.9
117 -3.9
118 -3.9
119 -3.9
120 -3.9
121 -3.9
122 -3.9
123 -3.9
124 -3.9
125 -3.9
126 -3.9
127 -3.9
128 -3.9
129 -3.9
130 -3.9
131 -3.9
132 -3.9
133 -3.9
134 -3.9
135 -3.9
136 -3.9
137 -3.9
138 -3.9
139 -3.9
140 -3.9
141 -3.9
142 -3.9
143 -3.9
144 -3.9
145 -3.9
146 -3.9
147 -3.9
148 -3.9
149 -3.9
150 -3.9
151 -3.9
152 -3.9
153 -3.9
154 -3.9
155 -3.9
156 -3.9
157 -3.9
158 -3.9
159 -3.9
160 -3.9
161 -3.9
162 -3.9
163 -3.9
164 -3.9
165 -3.9
166 -3.9
167 -3.9
168 -3.9
169 -3.9
170 -3.9
171 -3.9
172 -3.9
173 -3.9
174 -3.9
175 -3.9
176 -3.9
177 -3.9
178 -3.9
179 -3.9
180 -3.9
181 -3.9
182 -3.9
183 -3.9
184 -3.9
185 -3.9
186 -3.9
187 -3.9
188 -3.9
189 -3.9
190 -3.9
191 -3.9
192 -3.9
193 -3.9
194 -3.9
195 -3.9
196 -3.9
197 -3.9
198 -3.9
199 -3.9
200 -3.9
201 -3.9
202 -3.9
203 -3.9
204 -3.9
205 -3.9
206 -3.9
207 -3.9
208 -3.9
209 -3.9
210 -3.9
211 -3.9
212 -3.9
213 -3.9
214 -3.9
215 -3.9
216 -3.9
217 -3.9
218 -3.9
219 -3.9
220 -3.9
221 -3.9
222 -3.9
223 -3.9
224 -3.9
225 -3.9
226 -3.9
227 -3.9
228 -3.9
229 -3.9
230 -3.9
231 -3.9
232 -3.9
233 -3.9
234 -3.9
235 -3.9
236 -3.9
237 -3.9
238 -3.9
239 -3.9
240 -3.9
241 -3.9
242 -3.9
243 -3.9
244 -3.9
245 -3.9
246 -3.9
247 -3.9
248 -3.9
249 -3.9
250 -3.9
251 -3.9
252 -3.9
253 -3.9
254 -3.9
255 -3.9
256 -3.9
257 -3.9
258 -3.9
259 -3.9
260 -3.9
261 -3.9
262 -3.9
263 -3.9
264 -3.9
265 -3.9
266 -3.9
267 -3.9
268 -3.9
269 -3.9
270 -3.9
271 -3.9
272 -3.9
273 -3.9
274 -3.9
275 -3.9
276 -3.9
277 -3.9
278 -3.9
279 -3.9
280 -3.9
281 -3.9
282 -3.9
283 -3.9
284 -3.9
285 -3.9
286 -3.9
287 -3.9
288 -3.9
289 -3.9
290 -3.9
291 -3.9
292 -3.9
293 -3.9
294 -3.9
295 -3.9
296 -3.9
297 -3.9
298 -3.9
299 -3.9
300 -3.9
301 -3.9
302 -3.9
303 -3.9
304 -3.9
305 -3.9
306 -3.9
307 -3.9
308 -3.9
309 -3.9
310 -3.9
311 -3.9
312 -3.9
313 -3.9
314 -3.9
315 -3.9
316 -3.9
317 -3.9
318 -3.9
319 -3.9
320 -3.9
321 -3.9
322 -3.9
323 -3.9
324 -3.9
325 -3.9
326 -3.9
327 -3.9
328 -3.9
329 -3.9
330 -3.9
331 -3.9
332 -3.9
333 -3.9
334 -3.9
335 -3.9
336 -3.9
337 -3.9
338 -3.9
339 -3.9
340 -3.9
341 -3.9
342 -3.9
343 -3.9
344 -3.9
345 -3.9
346 -3.9
347 -3.9
348 -3.9
349 -3.9
350 -3.9
351 -3.9
352 -3.9
353 -3.9
354 -3.9
355 -3.9
356 -3.9
357 -3.9
358 -3.9
359 -3.9
360 -3.9
361 -3.9
362 -3.9
363 -3.9
364 -3.9
365 -3.9
366 -3.9
367 -3.9
368 -3.9
369 -3.9
370 -3.9
371 -3.9
372 -3.9
373 -3.9
374 -3.9
375 -3.9
376 -3.9
377 -3.9
378 -3.9
379 -3.9
380 -3.9
381 -3.9
382 -3.9
383 -3.9
384 -3.9
385 -3.9
386 -3.9
387 -3.9
388 -3.9
389 -3.9
390 -3.9
391 -3.9
392 -3.9
393 -3.9
394 -3.9
395 -3.9
396 -3.9
397 -3.9
398 -3.9
399 -3.9
400 -3.9
401 -3.9
