56 13.6
57 -5.6
58 -5.5
59 -5.5
60 -5.4
61 -5.4
62 -5.3
63 -5.2
64 -5.1
65 -5.1
66 -5.1
67 -5.0
68 -4.9
69 -4.9
70 -4.8
71 -4.8
72 -4.7
73 -4.6
74 -4.6
75 -4.5
76 -4.4
77 -4.4
78 -4.3
79 -4.3
80 -4.2
81 -4.2
82 -4.1
83 -4.1
84 -4.0
85 -3.9
86 -3.8
87 -3.8
88 -3.7
89 -3.7
90 -3.7
91 -3.6
92 -3.5
93 -3.4
94 -3.4
95 -3.3
96 -3.3
97 -3.2
98 -3.1
99 -3.0
100 -2.9
101 -2.9
102 -2.8
103 -2.8
104 -2.7
105 -2.7
106 -2.6
107 -2.5
108 -2.4
109 -2.3
110 -2.3
111 -2.2
112 -2.2
113 -2.2
114 -2.1
115 -2.0
116 -2.0
117 -1.9
118 -1.9
119 -1.8
120 -1.8
121 -1.7
122 -1.6
123 -1.6
124 -1.5
125 -1.5
126 -1.4
127 -1.4
128 -1.3
129 -1.3
130 -1.2
131 -1.1
132 -1.1
133 -1.0
134 -0.9
135 -0.9
136 -0.8
137 -0.8
138 -0.7
139 -0.6
140 -0.6
141 -0.5
142 -0.5
143 -0.4
144 -0.3
145 -0.3
146 -0.2
147 -0.1
148 -0.0
149 0.0
150 0.1
151 0.2
152 0.3
153 0.3
154 0.4
155 0.5
156 0.6
157 0.7
158 0.7
159 0.8
160 0.8
161 1.0
162 1.0
163 1.1
164 1.2
165 1.3
166 1.4
167 1.5
168 1.5
169 1.6
170 1.7
171 1.8
172 1.8
173 1.9
174 2.0
175 2.1
176 2.2
177 2.3
178 2.4
179 2.4
180 2.5
181 2.5
182 2.6
183 2.6
184 2.7
185 2.8
186 2.9
187 2.9
188 3.0
189 3.1
190 3.1
191 3.2
192 3.3
193 3.3
194 3.4
195 3.4
196 3.5
197 3.5
198 3.6
199 3.7
200 3.8
201 3.9
202 3.9
203 4.0
204 4.1
205 4.2
206 4.3
207 4.4
208 4.5
209 4.5
210 4.6
211 4.7
212 4.8
213 4.9
214 5.0
215 5.0
216 5.1
217 5.2
218 5.3
219 5.3
220 5.4
221 5.4
222 5.5
223 5.6
224 5.6
225 5.7
226 5.8
227 5.9
228 6.0
229 6.1
230 6.2
231 6.2
232 6.3
233 6.3
234 6.4
235 6.4
236 6.5
237 6.6
238 6.7
239 6.8
240 6.9
241 6.9
242 7.0
243 7.1
244 7.2
245 7.3
246 7.5
247 7.5
248 7.6
249 7.6
250 7.7
251 7.8
252 7.8
253 8.0
254 8.0
255 8.1
256 8.2
257 8.3
258 8.4
259 8.4
260 8.5
261 8.5
262 8.6
263 8.6
264 8.7
265 8.8
266 8.9
267 8.9
268 9.0
269 9.1
270 9.1
271 9.2
272 9.4
273 9.4
274 9.5
275 9.6
276 9.7
277 9.8
278 9.9
279 9.9
280 10.1
281 10.1
282 10.2
283 10.2
284 10.3
285 10.4
286 10.5
287 10.6
288 10.7
289 10.7
290 10.8
291 10.9
292 10.9
293 11.0
294 11.0
295 11.1
296 11.2
297 11.3
298 11.4
299 11.5
300 11.5
301 11.6
302 11.7
303 11.7
304 11.8
305 11.9
306 12.0
307 12.1
308 12.1
309 12.2
310 12.2
311 12.3
312 12.4
313 12.5
314 12.6
315 12.7
316 12.7
317 12.8
318 12.9
319 12.9
320 13.0
321 13.1
322 13.1
323 13.2
324 13.3
325 13.4
326 13.5
327 13.5
328 13.6
329 13.6
330 13.7
331 13.8
332 13.8
333 13.9
334 14.0
335 14.0
336 14.1
337 14.2
338 14.3
339 14.4
340 14.5
341 14.6
342 14.6
343 14.7
344 14.8
345 14.9
346 15.0
347 15.0
348 15.2
349 15.2
350 15.3
351 15.4
352 15.5
353 15.6
354 15.7
355 15.7
356 15.8
357 15.8
358 15.9
359 16.0
360 16.1
361 16.2
362 16.3
363 16.3
364 16.4
365 16.5
366 16.5
367 16.7
368 16.7
369 16.8
370 16.9
371 17.0
372 17.0
373 17.1
374 17.2
375 17.2
376 17.3
377 17.3
378 17.4
379 17.5
380 17.6
381 17.6
382 17.7
383 17.8
384 17.9
385 17.9
386 18.0
387 18.1
388 18.2
389 18.2
390 18.3
391 18.4
392 18.5
393 18.6
394 18.7
395 18.7
396 18.8
397 18.9
398 19.0
399 19.1
400 19.2
401 19.2
