1 27.6
2 27.4
3 27.3
4 27.1
5 26.9
6 26.8
7 26.6
8 26.4
9 26.3
10 26.1
11 26.0
12 25.8
13 25.6
14 25.5
15 25.3
16 25.2
17 25.0
18 24.8
19 24.7
20 24.5
21 24.3
22 24.2
23 24.0
24 23.9
25 23.7
26 23.6
27 23.4
28 23.2
29 23.1
30 22.9
31 22.8
32 22.6
33 22.5
34 22.3
35 22.2
36 22.0
37 21.9
38 21.7
39 21.6
40 21.4
41 21.3
42 21.1
43 21.0
44 20.8
45 20.7
46 20.5
47 20.4
48 20.2
49 20.1
50 19.9
51 19.8
52 19.6
53 19.5
54 19.3
55 19.2
56 19.1
57 18.9
58 18.8
59 18.6
60 18.5
61 18.4
62 18.2
63 18.1
64 18.0
65 17.8
66 17.7
67 17.5
68 17.4
69 17.3
70 17.1
71 17.0
72 16.9
73 16.7
74 16.6
75 16.5
76 16.4
77 16.2
78 16.1
79 15.9
80 15.8
81 15.7
82 15.6
83 15.4
84 15.3
85 15.2
86 15.1
87 14.9
88 14.8
89 14.7
90 14.5
91 14.4
92 14.3
93 14.2
94 14.0
95 13.9
96 13.8
97 13.7
98 13.6
99 13.5
100 13.3
101 13.2
102 13.1
103 13.0
104 12.9
105 12.7
106 12.6
107 12.5
108 12.4
109 12.3
110 12.2
111 12.1
112 11.9
113 11.8
114 11.7
115 11.6
116 11.5
117 11.4
118 11.2
119 11.1
120 11.0
121 10.9
122 10.8
123 10.7
124 10.6
125 10.5
126 10.4
127 10.2
128 10.1
129 10.0
130 9.9
131 9.8
132 9.7
133 9.6
134 9.5
135 9.4
136 9.3
137 9.2
138 9.1
139 9.0
140 8.9
141 8.8
142 8.7
143 8.6
144 8.5
145 8.4
146 8.3
147 8.2
148 8.1
149 8.0
150 7.9
151 7.8
152 7.7
153 7.6
154 7.6
155 7.5
156 7.4
157 7.3
158 7.2
159 7.1
160 7.0
161 6.9
162 6.9
163 6.8
164 6.7
165 6.6
166 6.5
167 6.4
168 6.4
169 6.3
170 6.2
171 6.1
172 6.0
173 6.0
174 5.9
175 5.8
176 5.7
177 5.7
178 5.6
179 5.5
180 5.4
181 5.3
182 5.2
183 5.2
184 5.1
185 5.0
186 4.9
187 4.9
188 4.8
189 4.7
190 4.6
191 4.6
192 4.5
193 4.4
194 4.3
195 4.2
196 4.2
197 4.1
198 4.0
199 4.0
200 3.9
201 3.8
202 3.8
203 3.7
204 3.6
205 3.6
206 3.5
207 3.5
208 3.4
209 3.3
210 3.3
211 3.2
212 3.2
213 3.1
214 3.0
215 3.0
216 2.9
217 2.9
218 2.8
219 2.7
220 2.7
221 2.6
222 2.6
223 2.5
224 2.4
225 2.4
226 2.3
227 2.3
228 2.2
229 2.2
230 2.1
231 2.1
232 2.0
233 2.0
234 1.9
235 1.9
236 1.8
237 1.8
238 1.7
239 1.7
240 1.6
241 1.6
242 1.5
243 1.5
244 1.5
245 1.5
246 1.4
247 1.3
248 1.3
249 1.2
250 1.2
251 1.2
252 1.1
253 1.1
254 1.0
255 1.0
256 1.0
257 0.9
258 0.9
259 0.8
260 0.8
261 0.8
262 0.7
263 0.7
264 0.6
265 0.6
266 0.6
267 0.5
268 0.5
269 0.5
270 0.4
271 0.4
272 0.4
273 0.4
274 0.3
275 0.3
276 0.3
277 0.2
278 0.2
279 0.2
280 0.2
281 0.1
282 0.1
283 0.0
284 0.0
285 0.0
286 -0.0
287 -0.0
288 -0.0
289 -0.1
290 -0.1
291 -0.1
292 -0.2
293 -0.2
294 -0.2
295 -0.2
296 -0.2
297 -0.3
298 -0.3
299 -0.3
300 -0.3
301 -0.3
302 -0.4
303 -0.4
304 -0.4
305 -0.4
306 -0.4
307 -0.5
308 -0.5
309 -0.5
310 -0.5
311 -0.5
312 -0.5
313 -0.5
314 -0.5
315 -0.6
316 -0.6
317 -0.6
318 -0.6
319 -0.6
320 -0.6
321 -0.6
322 -0.7
323 -0.7
324 -0.7
325 -0.7
326 -0.7
327 -0.7
328 -0.7
329 -0.7
330 -0.7
331 -0.7
332 -0.7
333 -0.7
334 -0.8
335 -0.8
336 -0.8
337 -0.8
338 -0.8
339 -0.7
340 -0.8
341 -0.8
342 -0.8
343 -0.8
344 -0.8
345 -0.8
346 -0.7
347 -0.7
348 -0.7
349 -0.7
350 -0.7
351 -0.7
352 -0.7
353 -0.7
354 -0.7
355 -0.7
356 -0.7
357 -0.7
358 -0.7
359 -0.7
360 -0.7
361 -0.6
362 -0.6
363 -0.6
364 -0.6
365 -0.6
366 -0.6
367 -0.6
368 -0.6
369 -0.6
370 -0.5
371 -0.5
372 -0.5
373 -0.5
374 -0.5
375 -0.5
376 -0.5
377 -0.5
378 -0.4
379 -0.4
380 -0.4
381 -0.4
382 -0.4
383 -0.4
384 -0.4
385 -0.3
386 -0.3
387 -0.3
388 -0.3
389 -0.3
390 -0.2
391 -0.2
392 -0.2
393 -0.2
394 -0.1
395 -0.1
396 -0.1
397 -0.1
398 -0.0
399 0.0
400 0.0
