56 -11.3
57 -25.5
58 -25.0
59 -24.4
60 -23.9
61 -23.4
62 -22.8
63 -22.4
64 -22.0
65 -21.4
66 -20.9
67 -20.5
68 -20.0
69 -19.5
70 -19.0
71 -18.5
72 -18.0
73 -17.4
74 -17.0
75 -16.5
76 -16.0
77 -15.6
78 -15.1
79 -14.8
80 -14.4
81 -13.9
82 -13.3
83 -12.8
84 -12.4
85 -11.9
86 -11.4
87 -10.9
88 -10.4
89 -10.0
90 -9.6
91 -9.2
92 -8.6
93 -8.1
94 -7.5
95 -6.9
96 -6.5
97 -5.9
98 -5.5
99 -5.1
100 -4.4
101 -4.4
102 -4.4
103 -4.4
104 -4.4
105 -4.4
106 -4.4
107 -4.4
108 -4.4
109 -4.4
110 -4.4
111 -4.4
112 -4.4
113 -4.4
114 -4.4
115 -4.4
116 -4.4
117 -4.4
118 -4.4
119 -4.4
120 -4.4
121 -4.4
122 -4.4
123 -4.4
124 -4.4
125 -4.4
126 -4.4
127 -4.4
128 -4.4
129 -4.4
130 -4.4
131 -4.4
132 -4.4
133 -4.4
134 -4.4
135 -4.4
136 -4.4
137 -4.4
138 -4.4
139 -4.4
140 -4.4
141 -4.4
142 -4.4
143 -4.4
144 -4.4
145 -4.4
146 -4.4
147 -4.4
148 -4.4
149 -4.4
150 -4.4
151 -4.4
152 -4.4
153 -4.4
154 -4.4
155 -4.4
156 -4.4
157 -4.4
158 -4.4
159 -4.4
160 -4.4
161 -4.4
162 -4.4
163 -4.4
164 -4.4
165 -4.4
166 -4.4
167 -4.4
168 -4.4
169 -4.4
170 -4.4
171 -4.4
172 -4.4
173 -4.4
174 -4.4
175 -4.4
176 -4.4
177 -4.4
178 -4.4
179 -4.4
180 -4.4
181 -4.4
182 -4.4
183 -4.4
184 -4.4
185 -4.4
186 -4.4
187 -4.4
188 -4.4
189 -4.4
190 -4.4
191 -4.4
192 -4.4
193 -4.4
194 -4.4
195 -4.4
196 -4.4
197 -4.4
198 -4.4
199 -4.4
200 -4.4
201 -4.4
202 -4.4
203 -4.4
204 -4.4
205 -4.4
206 -4.4
207 -4.4
208 -4.4
209 -4.4
210 -4.4
211 -4.4
212 -4.4
213 -4.4
214 -4.4
215 -4.4
216 -4.4
217 -4.4
218 -4.4
219 -4.4
220 -4.4
221 -4.4
222 -4.4
223 -4.4
224 -4.4
225 -4.4
226 -4.4
227 -4.4
228 -4.4
229 -4.4
230 -4.4
231 -4.4
232 -4.4
233 -4.4
234 -4.4
235 -4.4
236 -4.4
237 -4.4
238 -4.4
239 -4.4
240 -4.4
241 -4.4
242 -4.4
243 -4.4
244 -4.4
245 -4.4
246 -4.4
247 -4.4
248 -4.4
249 -4.4
250 -4.4
251 -4.4
252 -4.4
253 -4.4
254 -4.4
255 -4.4
256 -4.4
257 -4.4
258 -4.4
259 -4.4
260 -4.4
261 -4.4
262 -4.4
263 -4.4
264 -4.4
265 -4.4
266 -4.4
267 -4.4
268 -4.4
269 -4.4
270 -4.4
271 -4.4
272 -4.4
273 -4.4
274 -4.4
275 -4.4
276 -4.4
277 -4.4
278 -4.4
279 -4.4
280 -4.4
281 -4.4
282 -4.4
283 -4.4
284 -4.4
285 -4.4
286 -4.4
287 -4.4
288 -4.4
289 -4.4
290 -4.4
291 -4.4
292 -4.4
293 -4.4
294 -4.4
295 -4.4
296 -4.4
297 -4.4
298 -4.4
299 -4.4
300 -4.4
301 -4.4
302 -4.4
303 -4.4
304 -4.4
305 -4.4
306 -4.4
307 -4.4
308 -4.4
309 -4.4
310 -4.4
311 -4.4
312 -4.4
313 -4.4
314 -4.4
315 -4.4
316 -4.4
317 -4.4
318 -4.4
319 -4.4
320 -4.4
321 -4.4
322 -4.4
323 -4.4
324 -4.4
325 -4.4
326 -4.4
327 -4.4
328 -4.4
329 -4.4
330 -4.4
331 -4.4
332 -4.4
333 -4.4
334 -4.4
335 -4.4
336 -4.4
337 -4.4
338 -4.4
339 -4.4
340 -4.4
341 -4.4
342 -4.4
343 -4.4
344 -4.4
345 -4.4
346 -4.4
347 -4.4
348 -4.4
349 -4.4
350 -4.4
351 -4.4
352 -4.4
353 -4.4
354 -4.4
355 -4.4
356 -4.4
357 -4.4
358 -4.4
359 -4.4
360 -4.4
361 -4.4
362 -4.4
363 -4.4
364 -4.4
365 -4.4
366 -4.4
367 -4.4
368 -4.4
369 -4.4
370 -4.4
371 -4.4
372 -4.4
373 -4.4
374 -4.4
375 -4.4
376 -4.4
377 -4.4
378 -4.4
379 -4.4
380 -4.4
381 -4.4
382 -4.4
383 -4.4
384 -4.4
385 -4.4
386 -4.4
387 -4.4
388 -4.4
389 -4.4
390 -4.4
391 -4.4
392 -4.4
393 -4.4
394 -4.4
395 -4.4
396 -4.4
397 -4.4
398 -4.4
399 -4.4
400 -4.4
401 -4.4
