21 18.9
22 -2.1
23 -2.1
24 -2.0
25 -2.0
26 -2.0
27 -1.9
28 -1.8
29 -1.8
30 -1.7
31 -1.7
32 -1.6
33 -1.5
34 -1.5
35 -1.5
36 -1.4
37 -1.3
38 -1.3
39 -1.3
40 -1.2
41 -1.2
42 -1.1
43 -1.0
44 -1.0
45 -1.0
46 -0.9
47 -0.9
48 -0.8
49 -0.7
50 -0.7
51 -0.6
52 -0.6
53 -0.5
54 -0.5
55 -0.4
56 -0.4
57 -0.3
58 -0.2
59 -0.2
60 -0.1
61 -0.1
62 0.0
63 0.1
64 0.2
65 0.2
66 0.2
67 0.3
68 0.4
69 0.4
70 0.5
71 0.5
72 0.6
73 0.7
74 0.7
75 0.8
76 0.9
77 0.9
78 1.0
79 1.0
80 1.1
81 1.1
82 1.2
83 1.2
84 1.3
85 1.4
86 1.5
87 1.5
88 1.6
89 1.6
90 1.6
91 1.7
92 1.8
93 1.9
94 1.9
95 2.0
96 2.0
97 2.1
98 2.2
99 2.3
100 2.4
101 2.4
102 2.5
103 2.5
104 2.6
105 2.6
106 2.7
107 2.8
108 2.9
109 3.0
110 3.0
111 3.1
112 3.1
113 3.1
114 3.2
115 3.3
116 3.3
117 3.4
118 3.4
119 3.5
120 3.5
121 3.6
122 3.7
123 3.7
124 3.8
125 3.8
126 3.9
127 3.9
128 4.0
129 4.0
130 4.1
131 4.2
132 4.2
133 4.3
134 4.4
135 4.4
136 4.5
137 4.5
138 4.6
139 4.7
140 4.7
141 4.8
142 4.8
143 4.9
144 5.0
145 5.0
146 5.1
147 5.2
148 5.3
149 5.3
150 5.4
151 5.5
152 5.6
153 5.7
154 5.7
155 5.8
156 5.9
157 6.0
158 6.0
159 6.1
160 6.1
161 6.3
162 6.3
163 6.4
164 6.5
165 6.6
166 6.7
167 6.8
168 6.8
169 6.9
170 7.0
171 7.1
172 7.1
173 7.2
174 7.3
175 7.4
176 7.5
177 7.6
178 7.7
179 7.7
180 7.8
181 7.8
182 7.9
183 7.9
184 8.0
185 8.1
186 8.2
187 8.2
188 8.3
189 8.4
190 8.4
191 8.5
192 8.6
193 8.6
194 8.7
195 8.7
196 8.8
197 8.8
198 8.9
199 9.0
200 9.1
201 9.2
202 9.3
203 9.3
204 9.4
205 9.5
206 9.6
207 9.7
208 9.8
209 9.8
210 9.9
211 10.0
212 10.1
213 10.2
214 10.3
215 10.3
216 10.4
217 10.5
218 10.6
219 10.6
220 10.7
221 10.7
222 10.8
223 10.9
224 10.9
225 11.0
226 11.1
227 11.2
228 11.3
229 11.4
230 11.5
231 11.5
232 11.6
233 11.6
234 11.7
235 11.7
236 11.8
237 11.9
238 12.0
239 12.1
240 12.2
241 12.2
242 12.3
243 12.4
244 12.5
245 12.6
246 12.8
247 12.8
248 12.9
249 12.9
250 13.0
251 13.1
252 13.2
253 13.3
254 13.3
255 13.4
256 13.5
257 13.6
258 13.7
259 13.7
260 13.8
261 13.8
262 13.9
263 13.9
264 14.0
265 14.1
266 14.2
267 14.2
268 14.3
269 14.4
270 14.4
271 14.5
272 14.7
273 14.7
274 14.8
275 14.9
276 15.0
277 15.1
278 15.2
279 15.2
280 15.4
281 15.4
282 15.5
283 15.5
284 15.6
285 15.7
286 15.8
287 15.9
288 16.0
289 16.0
290 16.1
291 16.2
292 16.2
293 16.3
294 16.3
295 16.4
296 16.5
297 16.6
298 16.7
299 16.8
300 16.8
301 16.9
302 17.0
303 17.0
304 17.1
305 17.2
306 17.3
307 17.4
308 17.4
309 17.5
310 17.5
311 17.6
312 17.7
313 17.8
314 17.9
315 18.0
316 18.0
317 18.1
318 18.2
319 18.2
320 18.3
321 18.4
322 18.4
323 18.5
324 18.6
325 18.7
326 18.8
327 18.8
328 18.9
329 18.9
330 19.0
331 19.1
332 19.1
333 19.2
334 19.3
335 19.3
336 19.4
337 19.5
338 19.6
339 19.7
340 19.8
341 19.9
342 19.9
343 20.0
344 20.1
345 20.2
346 20.3
347 20.3
348 20.5
349 20.5
350 20.6
351 20.7
352 20.8
353 20.9
354 21.0
355 21.0
356 21.1
357 21.1
358 21.2
359 21.3
360 21.4
361 21.5
362 21.6
363 21.6
364 21.7
365 21.8
366 21.8
367 22.0
368 22.0
369 22.1
370 22.2
371 22.3
372 22.3
373 22.4
374 22.5
375 22.5
376 22.6
377 22.7
378 22.7
379 22.8
380 22.9
381 22.9
382 23.0
383 23.1
384 23.2
385 23.2
386 23.3
387 23.4
388 23.5
389 23.5
390 23.6
391 23.7
392 23.8
393 23.9
394 24.0
395 24.0
396 24.1
397 24.2
398 24.3
399 24.4
400 24.5
401 24.5
